          mm      3250      22
      coeffs
    -71.0736939980         329.949807576        -494.543865242        -1240.99468682    
    -16.1212171124        -10520.6114656         10995.4687638        -15628.3173352    
    -540.788097316        -4169.47842457         16163.2230593         305.479193825    
     1142.46961128        -272.566788509        -196.648033688         1058.29397410    
     10636.9988275         4892.99969682         2771.92893514        -12345.6465721    
     3529.81022706         2345.51672144         6019.72893593         118744.990137    
    -56013.7549548        -69553.9453509        -145880.326741         68668.3289929    
     63737.8454904        -23074.5376859         23386.6923531        -7586.64097034    
     42310.5170277        -37233.8649971         12839.7952820         37547.8428736    
    -3448.43494245         61991.1861928         7928.49067623         44848.7649949    
    -44443.5058287        -8012.08582534        -27242.8591740         5747.50501673    
     766.124398325        -29626.5863926        -65814.4751900        -30028.5072641    
    -33286.9475371         119891.409487        -20530.6570059        -39671.4919564    
     52908.0240621        -62772.6572102         28941.6628485        -12427.4300374    
     1655.52602875        -27156.8292695        -15076.2441150         67756.7754306    
    -16267.6312237         30156.3079981        -4218.15315152         3801.31466689    
     56892.1972680         11610.8628296         5412.70785419        -56030.3235349    
     6921.74806507        -9447.07086856        -4829.33457431         14685.7568696    
    -7578.40907884        -863.056893591        -10922.9038320        -3541.44767707    
    -31898.8310201         19603.3910007        -7885.42903224        -10343.2011215    
    -12685.3586540         16682.0648089        -4000.71108368        -4773.36428948    
    -8642.53040649        -2704.69073481        -9544.06525289        -23756.7327680    
     394210.213118         107197.740827        -149113.904115        -592839.468569    
     227083.417620         195850.206833        -32531.7791343        -104261.434447    
     61947.1256788         188016.885881        -78404.6137532         77853.1427907    
     165253.037893        -442745.189636        -94325.7621463         155150.657746    
     314476.708907         190185.872585        -262402.432068        -315263.969877    
     251654.347666        -85183.0049311        -428618.270574        -92989.5585073    
     19742.7232455        -294550.777036         303827.170497        -102457.491106    
    -213663.167266         167549.550158        -133866.950278         20711.8813816    
    -324782.608203         179101.457461        -3535.26987169         28582.6588684    
    -308289.554484         47970.4308520         210955.173975         20707.0341856    
     118657.763028         43039.3069730        -88580.0819310         3988.85371597    
     299674.655401         47824.4810991        -35607.9401568        -12438.0240575    
    -276217.706902        -45797.4111035        -42029.1506788         5783.75745083    
     83162.8144708         129476.473127        -2474.99992285         115677.881796    
     78261.6866430         78356.3349812         21657.6547621        -41636.6557062    
     64707.0145074        -117919.209197        -18262.9374472        -108780.367217    
    -53111.9554433        -51784.0917344         1594.82520329         167189.534023    
    -85785.7789207         37557.0566965         307380.183887         94838.1470495    
    -62782.2351157         91977.1258952        -184017.057652        -107223.527098    
     252208.625708        -401292.898452         258159.036492        -108244.807685    
     107941.002731         39686.9373914         218790.220275         242050.372131    
    -409339.666387         372869.734653        -287058.123200         1768.11614628    
    -29358.9551707        -237316.605776        -44237.2339320        -58839.0415116    
     251435.692223        -118716.608487         81701.8200056         18892.3730796    
     187540.001082         102154.555154         17000.8408094        -34686.8299357    
    -101048.786268         85382.0911499        -211557.429465        -1589.58899814    
     6304.98564436         38343.2132069        -133469.064106         40824.3633240    
     43936.3951866         90789.7245309         44310.8701140         89849.8618300    
     68941.7271100        -57669.9896668         58440.4983085         16459.0752590    
    -152225.460588        -81677.1084514        -158830.319626         474506.283646    
    -157191.467051         125203.333575        -29622.3973906         22539.2312172    
    -61492.0040319         87827.6317781         140696.240245        -252107.903764    
     149957.849443        -75177.7304070         96892.4636708        -286700.608506    
     17472.1347111         7883.66274359         393888.421867        -1643.12566403    
     65193.3511113        -107535.871972        -43801.6260791        -42917.7526090    
    -39957.9508556        -83397.4047920         19208.6275476        -111316.490284    
     19928.0220800        -52326.5285008         25611.0875283         88.0800096591    
    -5460.57676235        -1147.06166565        -28266.2561862        -30708.1268867    
     56518.2873345        -40389.0174873         21201.2629097        -43910.3974712    
     194322.991018        -18771.0376732        -8337.97694232        -148397.971711    
    -51177.0578546        -149644.287082         98760.7247018         13383.7990149    
    -26927.0178395         10047.9426769         23560.6668228        -2113.49135843    
     71579.4822842        -24667.4903722         8419.38533961        -3171.63614318    
    -9168.25492756        -140129.968625        -60010.1880686        -9673.08199505    
     120296.932447         116787.523250        -44811.9956444         312022.680886    
     419.353456261         1025.05247710         37006.7103960        -158109.890511    
    -45351.7379955        -6545.06413090         3670.39535357         72958.1000858    
     71738.0894865        -36912.6617398         6817.05607633        -3455.31085425    
     2575.41216221        -42659.5163135        -18612.3657813        -2819.49435093    
    -34.5841959559        -169940.879611        -169506.364459         40907.7256997    
     84335.0021940        -56636.6201750         10656.8879903         9198.18243582    
    -30228.5177791        -22798.1435802        -872.662058488         63122.1283061    
     51853.3368635        -17052.7237412         10129.8421521        -18472.2258966    
    -42000.3753410        -2879.63833194         48305.5773264         48932.8859266    
    -19697.9458338         5552.51999108         9405.30898824        -14550.3537593    
    -9564.53807879         32781.4445354         20363.7474223        -22050.1634859    
    -111.020470648        -11340.2728053         5935.10032514         13469.7787000    
     15763.7822214         141001.672317        -168338.613854        -145554.096719    
    -86983.3369938         300535.194821        -12840.2313721         216062.702262    
    -506802.235639        -391134.897851         255871.138592        -314668.615608    
     135518.677870        -748883.832772         358691.817287         151270.079362    
     12947.8232906         67182.4828738         660271.466169        -424091.143244    
    -732879.808376         185633.308352         904253.843977        -367338.491440    
    -110324.693487        -225594.891892        -531474.899329         36804.3955829    
    -147701.726250         225537.334792        -94462.2418779        -862594.960596    
     245388.402618        -127807.735999         281734.090426        -28566.3537633    
     670673.063687         223415.316876         204239.793711        -251381.849930    
     1001360.34349         29402.0122204         242200.364033         187693.657558    
    -81560.7839925         71812.4094439         8756.63390090        -18408.2973393    
    -115965.555235         161032.883683         43153.2928555         57121.9634564    
    -96218.6090940        -442610.480470        -458308.921512         965518.879748    
     115252.333779         579673.910079        -227281.391106         428581.337148    
    -26897.4253530         36660.5092529        -41210.8886868        -73417.1138890    
    -382307.640374        -265929.549972         203872.036667        -253768.691246    
     24165.9424623        -344305.457550        -766490.984634         637549.596896    
     135316.051944         150724.419825        -346250.828990         535930.624642    
     124275.212594        -81101.3320163         212015.789595        -356346.155084    
    -285411.033078        -49036.7519364        -433022.354717        -302756.190795    
     193145.962269         758810.441570        -42355.6153078         25488.2442962    
    -249097.817182        -12133.3132869        -390438.805638         522097.493726    
     391890.141645        -131061.956086         41196.4844644        -16858.9728485    
    -108410.537793         85778.5553886         938870.893562         214553.319298    
     199335.377022         485195.539926         529512.656969        -805108.288443    
     229738.293774        -898059.355671         20387.8041347        -429757.759168    
    -219202.607491         212818.744446        -336160.227520        -74051.4881548    
     116992.777538         566591.570534        -390502.211145         619126.723180    
    -200968.862840         263273.163371         226030.077297        -245614.983556    
    -265100.886660         262908.324432         8581.89118297        -139076.011507    
     76177.8322491        -595803.011449        -169440.175293         95746.2315736    
     292467.867023         272185.680833         1140650.50534        -99378.1915295    
     8319.04140083         580003.943873        -67413.1173254        -77194.5338787    
     197501.176897         31669.4415764        -709822.113145         488153.101131    
     62367.0047143         156988.690344         335152.693603         118032.559218    
    -119624.346201        -85074.0786585         42267.1737196        -175629.591818    
     29167.5907533         1036.98952212        -46282.6823949        -32550.0194120    
    -795.760322350        -108557.317037        -230207.080439        -80115.8940990    
    -58625.0856634        -104403.988507         42882.9730967         9038.97988812    
     26968.2884921        -149364.506442         110815.269033        -29625.6644031    
    -350537.423839        -32816.0477225        -25493.6683666        -131656.524899    
    -43459.8294066         114810.215843         42699.5806295        -226259.585373    
     92024.7611644         62013.2896780         87667.1271448        -214847.302818    
     213792.571792         287230.896060         196469.910450        -139322.015714    
     283910.501238        -3966.22961407         870410.311643        -341270.160333    
    -577489.705126         249283.040137        -475325.463311        -51030.4877999    
     96629.7608156        -11202.3479451        -560865.286229         199438.977012    
     48.3256115009        -645644.568221        -142206.450355        -174940.567833    
    -330717.612828         38188.9708013         17386.7061380        -13670.6247980    
     791249.948698        -274109.275721        -489414.328879        -307524.769705    
     87555.2156625        -10551.8071493         37195.0669368        -110795.651370    
     2852.57804563        -116996.675934         97465.9491479        -166735.230335    
    -84994.5249399         104187.655184         91598.0402334         38024.1396137    
    -182000.591372         1536.75043288        -98810.5242864         63978.9966379    
     34977.2099746        -76091.5177259        -130336.562893         16937.3098903    
    -167729.116433         257619.328425        -21851.4887857         85715.3793348    
     2976.70742488         48263.8023264         76125.5582463        -308475.642416    
    -46993.2963697         99552.0816827         392430.032189         92047.3187131    
    -223353.425858        -728201.411540         162153.660973         709075.236797    
     186208.291097        -380457.701732         555426.708634        -157983.982949    
     568497.908037         193373.522084         122658.299299        -167591.792553    
     253224.497233        -534092.724774        -1036051.71471         197914.949207    
    -890422.388392         142321.612061        -11250.2659271         196254.881283    
     305850.861835         81467.4921981         190681.754768         126669.497937    
     27803.7844439        -4452.61718127         82869.3149510        -616958.751769    
    -388818.713372        -85386.4960312         118983.525324         98379.9598301    
    -44394.5501187         618672.791756         164831.531682        -47396.9948763    
    -169240.329118         385008.865272        -313013.377487        -110550.960649    
    -235452.930224        -223712.431643        -222550.581549         31392.5710391    
     98434.5616045        -47669.6190186         296303.115039        -7356.98115251    
    -248893.088852         540046.420484         149753.590413         406842.643473    
     52644.8580040         8880.04388819        -17790.0975699         415804.598503    
    -133249.718459        -581693.074194        -76146.3244274        -339338.944629    
    -317954.032053        -242964.387778         758248.705376        -26191.1330121    
    -51051.9758503        -1001767.18009         500584.557288         356675.742372    
     129694.873153         244591.422083         157683.137886        -78213.8589396    
    -622425.478979         361211.375442         251853.237446        -265365.036353    
     324172.459771        -197629.950915        -7028.64970478         49752.0135401    
    -73200.5588579         107087.868573         155538.181370        -202154.583475    
     49714.8136020         68313.0529717         163546.195472        -987480.474289    
     34863.9160248         33151.6329778         358839.198889        -92888.7380094    
     469236.518040        -389139.176109        -205105.289203         129981.787882    
     116219.383204         252277.835888        -123658.964901        -317826.002767    
     173429.392206        -66157.8227246        -67387.2563210        -2989.96246765    
    -13123.3580554        -60267.8102565        -104282.332767         696082.847799    
    -71263.2366208        -61974.0226110        -725108.986379         172166.254961    
     132866.465572        -382852.137532         90993.9054045         168523.682421    
    -28574.6462463        -79688.9792587        -118103.079834        -107311.924825    
    -104210.894838        -38389.9361160        -475445.694660        -181756.349468    
     254135.160396         58283.6151786         17198.9999829        -8117.02800926    
     190469.975251         553235.795007         169775.550330         12649.5876788    
     441762.220690        -77566.1310057        -35613.8187489        -50760.5153945    
     81735.7794264        -37794.1064235        -220203.496740        -335889.471931    
     138251.889881         46256.0630432        -10034.1305254         134574.079321    
     78585.5880587        -82814.0361397        -130061.501902         57852.1782362    
     12684.0319400        -53776.2957673         75683.8113171         108748.214572    
    -89284.9225297         16988.5081637         247009.241697        -6384.59945353    
     104952.348160         12992.8795540        -74170.3358550        -113052.102759    
    -26334.2034291         52775.7587439        -68837.4753152        -288315.986695    
     1102915.18914         137325.776090        -75847.4437548         194480.530890    
     891606.258937        -598110.374212         5258.37377479         442976.853787    
    -1001812.30268        -119776.970195         61619.9932602        -392012.251341    
    -972993.227668         391540.292794        -256.909472834        -372907.593526    
     132649.673617         75933.3004806        -344907.625147        -41404.3474190    
     391117.508666        -473270.536428        -180372.993151        -40150.2597355    
     27827.5088620         44339.6195872        -99685.1667341        -218174.976392    
    -213033.719752         214079.517257         4056.12258331         23100.8376717    
    -125852.276552         417688.598935        -69945.5792824        -69639.0487341    
     169296.081048         139150.213740        -17569.0894752         88776.7734399    
     129286.354447        -26612.0773920        -60037.4787211         192159.999242    
    -108505.096033         91391.9262934         197185.101265         226743.119226    
    -162689.548775        -50575.8755558         146081.426489         65093.0940306    
     239191.841415         165013.432649        -60664.4521151         8750.44288996    
     195461.789897        -363579.929282         53345.8218690        -41355.7393785    
     269969.536194         451444.042010        -345551.887781        -283684.281348    
    -769360.797402         208715.903557        -326150.786121         447316.739026    
    -209177.736242         87835.8538549         138993.590497         102829.445672    
     276650.813101         28582.5099104         70819.6990911        -554251.233620    
     4421.55339395         12017.0144138         266780.606464        -43937.4762043    
    -2414.17130478         226990.047817        -178475.218181        -415582.408047    
    -333166.783671         307742.435220         46020.5614724        -9972.02368983    
    -67589.1054019        -197163.464631         74345.0535912        -88819.1994747    
    -132694.606830         130986.724606        -82306.3753175        -126149.249092    
    -245003.609144        -104314.560875         147685.721167        -250461.703198    
     400556.519435        -125051.622390         26651.4206919         100586.180390    
     47434.1373138         65201.1169334         31172.7842412        -116635.596133    
    -519.050719026         102714.604392         41123.3974807        -46281.3808477    
     44208.9988523        -14778.4225219         15463.9071974        -102453.754837    
     18640.2629569         27444.0389765        -1075.73977891         22764.3804186    
    -36625.4404852         16427.4650598        -97090.2973563         12329.9455055    
     6878.33568905         116437.043723         32772.0438626         40060.1192930    
    -33582.0511082        -23293.7213970         18645.4797542        -42352.4533010    
     8605.08812021        -2620.82922623        -59568.8526403         17198.2952945    
    -5384.87297882         24563.6740511        -71722.9017747         178443.237172    
    -85052.6406841        -768.356476590         85955.3930507        -76853.4383515    
    -1129.59027830        -126676.709611         274760.372842        -10444.4940783    
    -205084.017667        -4357.59543018         5139.06843625        -8156.58878978    
    -14849.1426074        -109770.332428        -24444.0124074         18027.3020651    
    -31072.1916932         13848.6724736        -2566.65367380         24831.6298924    
     35655.5952183         8656.26221079         8112.02318190        -181530.088866    
     81008.0407227        -204914.286311         134212.858513         164066.764642    
    -66136.7927610         12289.6971942        -22409.3845580         23424.2938593    
     5130.47767194         107167.770125         60946.8419544        -13104.7246315    
     51375.9415282         19245.5848667         80179.0084672        -19136.3396760    
    -42388.1450537        -62293.7339657        -123210.409894         24438.0382366    
    -5775.46941801        -45207.2599995        -19644.9494954         27626.8050455    
     14154.2090475        -21838.1599210         5822.84725583        -29112.1488246    
    -32783.2341576         9997.82108423        -6295.95442342        -15633.7779957    
     180957.129896         77354.0800216        -8073.31425359        -44330.1431442    
    -48770.7273709        -17870.7851620        -262672.490797        -20604.3033413    
     29753.9462776         250549.877507        -370592.432879         117451.139981    
     51839.7247725        -161538.873633         73202.7536328         13421.2154426    
    -2801.94550570         136303.282610        -50548.3903077        -79302.4843617    
     275498.190978         328141.660219        -360570.878010         63320.3229562    
    -40330.5220019        -137892.781587        -717994.406257         676404.343289    
    -128661.413614        -23026.5475415         273105.744685         81812.4323897    
    -21797.3564562        -22792.7758465        -54511.9730089         7380.75978059    
    -655.453581476        -87836.0384179         58723.1705299        -47615.3718834    
     2915.68703261        -18199.5684866         84991.9160661         126117.159140    
    -1369.71108610         20564.7786716        -16941.1740555        -97343.3416028    
    -9003.10785691         12077.5440838        -17566.1560468        -78597.4396568    
    -11114.9858672        -9464.91830915        -65666.3234027         93795.9708860    
     61527.1275828         96148.6485280         98448.4829529        -19886.2707090    
     15421.8882562         162802.700026        -38282.1649602         95800.7664654    
     1921.38002146        -6404.06905789        -44813.6630088        -95086.7318724    
    -107850.101138         18908.1623667         117277.083847         271672.582608    
    -103369.697997        -84778.8372792        -74422.8802582         51148.2158069    
     132666.927308         12283.7567092         16041.9281867        -163830.903825    
    -108134.776437         112315.077484        -263573.457444        -137476.609466    
     131411.432967         195475.095909        -332905.355815         116861.730054    
     156313.599905         232665.676189        -141553.328382         86568.1871487    
    -193906.889042         9524.86052218        -148554.594247        -113150.496855    
     181446.649507         124516.975401         285275.232006        -12653.8221749    
     6463.90660558        -44210.8866068        -143296.909160        -61219.8261084    
    -171632.120018         49125.1451290         148506.014092        -16815.7138848    
    -50778.3996910         173123.267992         99820.2264171        -48346.7844356    
     140266.796470        -69405.2754276         12461.1949563         32622.5246689    
    -54484.8683969         31507.6858242        -5107.08990708         14579.3238508    
    -14395.3796701         65357.2837956         99453.5890787        -28145.9808958    
    -12264.8451012        -402.285734791        -39878.2614495         82383.5865568    
     101952.979227        -94702.5069518         10889.6014310         7944.91481191    
     36527.3415769         23038.3078108         30697.3652099        -103448.311511    
    -31677.8428362        -51184.1619570        -4120.40972090        -28155.6055266    
     17992.2404922         159596.045303         455412.094950        -407576.534286    
     193627.337433        -10261.5317867         316808.682496        -541203.250859    
     375705.538988         252897.961275         139886.444407        -307906.547692    
    -170152.115706        -363430.293377        -119578.519226         452320.755487    
    -439735.874087         117650.831154         17850.3242135         107862.515620    
    -297770.088967         218548.468939         149917.812632        -426726.567395    
     366264.851541         25977.1789647         345894.091680        -196411.582296    
    -65570.8017037         222875.801990         47356.9576418         611529.812993    
    -148607.404484         448771.855049        -403721.019780        -274326.777477    
     65990.9015227        -342421.832264         5027.45124230         478874.874264    
    -307065.128550        -489524.622979        -334101.716946         203962.199898    
     705869.666382        -260809.749936        -497819.026271         224872.376623    
    -568345.619943        -128716.161757        -467845.176022         12746.5972501    
    -119822.869055        -148994.648534        -77154.5473525        -506067.610048    
    -223872.296560        -218874.984605        -103222.525478         114182.937412    
     201046.591314         794971.756017         178058.690916         265771.722750    
     2428.63494375        -21687.8675380         443614.755445         242927.200758    
     193573.237513        -367585.707065         39747.5820455         53651.6970966    
    -99636.9372220        -120680.126233         266431.815393        -286034.677322    
    -357219.850193        -15393.2804737         216465.210521        -321342.455399    
    -481081.907913        -1022760.36174         540381.427513         158769.792229    
    -146564.063327        -211371.839431        -338357.358681         139267.754566    
    -23660.9124514         387421.290822        -205899.154779        -142424.632777    
     315833.972077        -852773.940929        -37568.4523861         501050.356327    
     357972.717517         87842.2266826        -370916.884734        -495088.736525    
     519559.005949        -41809.2848957        -19427.6354277         525842.420320    
    -91308.0198029         134463.644000         168935.937506        -381343.451777    
    -492984.758476        -559533.881561         87913.7362025         379291.590235    
    -107684.650541        -476955.794555         1091885.34260        -864013.217722    
     171080.746994        -411069.709693        -5082.29409875        -368584.970168    
     575400.267535         330808.522855         9632.73337038        -684154.303209    
     389861.904936         211385.840916        -339040.085153         383966.191569    
    -193736.559765         320541.928182         85392.7611068        -943060.216678    
     80714.0472714        -67767.5061547        -227419.976795        -252773.285291    
    -41348.0187596        -482937.843067         577780.743570        -540860.403621    
     186783.335897        -221148.276526        -509025.822577         248025.025739    
    -106959.465006         47470.7318492        -1383650.93204         950704.457853    
    -103862.645195        -163350.398924        -524554.657163         8502.70948418    
     305873.455550         51782.6069154         624833.900198         481843.428175    
    -148542.349495         47336.5079212        -168652.844363        -172831.986497    
     106696.148782         349339.465963         97975.2153580        -894728.668425    
     213317.659894         35541.0506893        -649726.168775        -982022.345852    
     446244.443885         112796.478441         140334.808166         330915.181484    
     163289.923027         817119.601395         290457.474246         453872.510726    
     101904.078127         16789.9677499         815064.180145        -841428.253951    
    -301407.284927        -111586.409299         51840.2654517         109001.353776    
     386186.076861        -301827.362366        -244633.197731         109701.740274    
    -226062.825637         161549.802711         74035.2996901        -90875.8092593    
    -185704.519596        -608004.566609         1248139.50210         284705.990476    
     836000.478987         61863.2058130         844.727134674         129005.835285    
     93415.9423290         405984.798804        -87522.8812453        -630789.944959    
     344527.708837         57025.6869558         336237.420428        -133375.401568    
     149979.937039         316269.978942         180109.911243         311979.510991    
    -24238.0790683         413875.613043         134509.087692        -242089.822924    
    -8826.04670370        -573881.760435        -18879.5081868         58578.7685448    
    -93761.1124773        -216041.437308        -849377.961910         223568.120899    
     62957.9718937         27862.2432571        -106201.475187         199362.461740    
    -21265.1815675        -209658.434096         81101.7010116         15161.2760115    
     56225.9714783        -22298.3144451         479840.496024        -34788.2310326    
    -636955.356232        -401963.179327        -244837.076889        -291073.932216    
     430982.755087         95116.5316674         131306.901820        -299409.824740    
    -351011.276566         711179.875477         603642.001011         296970.175966    
    -90659.4606683        -424050.777819        -47995.1448016        -331974.496263    
    -214299.378159         364951.950216        -273896.812811        -38940.8065624    
    -144830.733359         551951.507421         595823.908661         207938.163649    
    -641833.596216        -556505.292793        -396748.177325         375839.348852    
     58926.4624552        -692319.337517         607493.908540        -281693.982457    
    -466220.992092         282962.766180         354307.117036         61450.0322135    
     340749.969594        -61237.0608820         242743.365980         255269.177944    
     513819.941883         24165.3882812        -213939.126107         131171.563452    
     72894.8382747         606630.644042         339546.935877         397733.981349    
     1151386.69106         378995.844452        -417949.093514        -96027.2079645    
    -81338.3516689        -503168.481739         423037.265148         148695.729079    
    -307650.137897        -992725.815160         147737.116774        -157292.788280    
     147129.773649        -327251.860697         144175.302618         64891.7210139    
     166332.235006        -147369.678335        -769554.842206         990566.638841    
    -171700.916703        -602652.463420         179224.252746        -177602.379990    
    -23501.1759496        -307280.833960        -240961.895869         234681.002244    
    -11654.1859875         282569.515987         127341.906414         735936.800863    
    -211980.601527        -188135.672678         250749.438165        -41634.8631604    
    -73692.3608575         718746.595687        -124218.500651        -297482.539295    
    -202344.989219        -31205.3889201        -17486.8571524         742858.964898    
    -5728.60189384         190177.006981        -425982.871146         977936.768316    
     1517604.92250        -416580.655574         58588.0846772        -616130.949420    
     270068.901120        -301914.195311        -809636.388029        -426809.613953    
     80865.3489967         85150.9049694        -352373.108952        -415899.954801    
     655127.105344        -218153.520056        -354092.171521         245087.968711    
     247740.576936        -228322.821854         116982.687538         13920.6425804    
     137229.327460        -163895.549557        -170537.515383         340964.667878    
    -384963.140823        -181153.012312        -280103.799647         810320.941863    
    -423390.035620        -443155.506589        -142572.457293         4362.28944389    
    -292430.866411        -141820.995091        -136135.483266         424618.850644    
    -52938.7465678         2161.83148571        -58400.1822397         284695.671423    
     39829.5259721        -532212.171430        -321600.873788        -326586.834610    
     81351.4146897        -4040.49743307        -213660.356340         118940.127227    
     118856.138444        -54744.3002195         319900.177707         213165.043802    
    -250007.120482         24782.5338212         367969.992067         812700.807125    
    -540554.127275         370224.520283        -9079.26296146         167430.005911    
     73677.1660867        -209207.028096         139438.710306         85173.7133363    
    -778292.625262         406035.341463        -448482.279699        -95779.9230730    
    -120321.227302        -432215.701332         853333.361609         138845.149156    
     480267.211379         4720.01926549         288532.077691         579838.417640    
    -124568.016037         529272.360995        -187382.168119         345029.030763    
    -519471.299937         593106.695533        -35099.4569832        -353258.831202    
     247542.556833        -115829.697415         64126.0655217        -90746.6454437    
     865710.288530        -329426.523701         629361.286738        -144171.902936    
    -1220722.03294         105631.961786         420006.444935         9096.13931484    
    -766626.536650        -92685.8628615         57105.2955636        -188645.762363    
    -366950.661730         815187.876637         89390.9715286        -96976.7186577    
    -255555.024588        -770383.099647         84252.9857424         187874.622919    
    -754866.379064         41024.1293064        -144767.891209        -214601.474048    
    -328846.274533         138242.743606        -308530.167659         177968.652735    
     529851.470553         869189.640403        -450290.906920        -314008.256034    
    -402341.331317         8021.29178261         201988.051057        -445860.461662    
     631619.448769         314655.180766         33408.2588828        -287139.779733    
     688242.059882        -305685.380700        -29980.6783096         102725.338367    
    -415937.732510        -381454.445201        -85721.2238416         120102.708467    
    -320809.604185        -158503.930981         37864.7705947         567077.403084    
    -361647.360754         208672.771240         288438.798561         65588.3872763    
     319961.313237         49890.9679336        -222067.718480         5568.33676559    
     22368.5806047        -412416.217148        -161673.791720         19171.5947510    
    -724992.072390        -172641.119353        -103754.086338        -221298.821660    
     107003.331929         474548.932551        -530163.290871         311401.739905    
    -202863.839893        -80111.8746779        -10964.0695623         350720.067328    
    -16902.3329831         70607.3168615         1820.74989725        -303195.594284    
     100679.834571        -133707.398312        -280025.393181         356129.934198    
    -222913.541731         467054.258726         571085.198364         120116.476510    
    -150972.664312         152142.077595         250436.688261        -122412.039647    
    -246757.918023         35183.6286848         135910.072049         342307.910829    
    -20839.2095688         49449.2056809         44364.3001966         47678.2956233    
     18539.8308078         161429.800352        -218507.914468         9772.70063440    
     54326.3559313         428720.548246        -382953.897638         11794.6767725    
     16019.5764628         147559.481663        -345122.696795        -407523.781346    
     113110.557826        -58909.6573708        -141283.296906         271351.808039    
    -193065.987952         254939.324689        -305008.741718         822154.730013    
    -32941.4037667        -9840.57843505        -46505.1264463         262958.772983    
     61703.3224264         408527.212237        -1083710.73774         351420.209833    
     252050.631529        -161513.461875         10785.3533055        -194555.315227    
    -198466.032382         197110.706457        -475820.660585        -101811.650994    
    -98586.3399407         387982.655515         3553.56279795        -73201.7645495    
     492790.399324         38490.6825805         9088.34157573         206780.293169    
     201662.759860        -683569.852930         388545.186365         862950.202666    
    -181088.124761         85929.0892289        -63338.0108737        -321789.776116    
     210008.843431         80708.7321191         179461.508424        -43949.6839112    
    -91300.9231450        -222554.894058         271082.038069        -126554.773578    
     105280.807436        -33698.2665087        -151581.682026         58004.6930744    
     58021.1715919        -462894.333600         87433.9746775        -50031.9046060    
    -97555.1858780        -265486.934116         102346.045359         146504.083725    
    -55049.0958124         42087.2748100        -12401.7557343        -93058.5386923    
     47169.5597024        -50948.1224738        -63544.8683638         10697.9374151    
     20418.6135192        -325240.593453        -165217.744958        -94565.6318343    
     3571.80259842        -220803.598185         532393.597520        -472199.659882    
     141751.004166         469683.615024        -109778.920192         114997.927314    
    -366581.834082        -506792.937573         23117.5611625         208345.422674    
     613973.604639        -197012.849739        -659407.540510        -116114.645047    
    -313189.182731         33265.0953053         599690.663582         751.175728134    
    -190079.613431         171966.531858        -315060.863569         271460.866233    
     428578.771073        -83682.4393583         528873.719873        -26695.8733555    
    -35203.0165804        -1007222.01890         240479.906692        -223427.669077    
    -85746.0051041         16190.4262834        -442580.574036        -34441.8254392    
     179172.741932         119212.667801         242866.297851         461786.798080    
    -187483.987106         16165.0008390         76148.7461492        -173008.628921    
    -55174.5623897        -51088.4775041         33116.7934292         427878.100190    
     42292.1952971         83781.5445429        -170296.388399        -475484.056505    
    -518445.389337        -17689.7387229         72136.9924699         109388.194098    
     246492.045455         39553.1637598        -47408.3428557        -233575.915844    
    -339493.958177         184464.601365         133159.223395         231313.472186    
     296391.710742         271308.636692         129215.401710        -42003.2778153    
     181292.116395        -150912.772384         28570.0478397        -92625.7306930    
     421202.219839         265572.534478        -6934.99336250         68572.3683966    
     537520.495711         62364.5044862        -213107.665263         44672.5953514    
     20448.2375462        -62013.9012232         266306.113570         356146.052445    
    -172153.020415         27900.7451388         452712.792466        -415949.527424    
     24506.0486152         19146.8520726         491086.316499         363982.478663    
     338951.824499        -208482.591985         19279.1545463        -12762.1430873    
     46975.1514731        -56206.7093078        -436115.482090         92881.2658338    
     231071.005152        -1031814.27667         478884.466244        -18189.1506297    
     633597.275587        -215899.510202         68563.8926925        -10902.3054950    
    -507434.479434         211396.025984         11275.9861304        -82221.4491104    
    -62563.7633764        -34156.4886215        -17040.1601465        -40892.4802316    
     11775.5052900        -65094.4281622         67542.9184703        -153497.289994    
    -299310.490628         33663.0843129         33777.5515068         193459.137464    
    -75171.2289996        -130936.668456        -14852.7722429         46905.5023697    
     44678.9516785        -183455.405972         31743.8807909        -122344.525074    
     20497.0165612         497142.984185         699532.853105        -199367.849034    
    -708199.700548         149382.591463         311923.531855         401745.996744    
    -743856.933952        -893101.585372        -610814.381671        -288468.231594    
    -418749.749490        -167642.600086        -705059.949091        -596064.261941    
    -90561.7069748         287362.205802         95017.2349278        -172134.568334    
     1101492.58269        -10754.9222526        -173060.880407        -486685.476898    
     52816.4715849         349199.646415        -436383.147252        -122576.777744    
    -193044.795594        -314396.061985         44831.5902533        -25150.1209175    
     191302.019848         187857.161243         370591.863517         86356.4676253    
    -219030.638774         533242.572753         455639.917852        -153562.853128    
    -158158.349720         249999.998388         453446.359489        -510294.341502    
     469072.001977        -134440.709990         487039.142612         237409.439311    
     44388.9002257        -10158.8769878        -148401.395074         45529.2579242    
    -104142.447818        -68263.0542337         445744.000237        -147453.992660    
     427522.781399        -52770.9801604         679987.672742        -25048.4751289    
    -930986.553392        -166713.993444        -6347.91776799         75828.9391506    
     996097.199031         300657.534144         372955.857186        -90348.7160926    
     183086.514972         208573.035609         139215.269724        -111682.074803    
    -897395.755495        -687935.566292         1080.51840131        -95875.6494622    
     84456.4237201         394955.889371         931084.343279        -320079.134876    
     66832.1229523         365053.658083        -479787.394945         297581.056849    
    -26731.3562171        -291299.863668         765864.307002        -122856.353742    
    -104051.501859        -78913.4109929         127920.183966        -303568.276794    
    -9591.10197542         1277825.93461         51735.7007372         3142.70149640    
    -312082.057367        -552925.186244        -177316.498001        -191531.713188    
     494473.853545        -306755.653958        -702568.482366         304463.720758    
     99238.6146783         553585.960141        -273993.184464         182311.618444    
     265837.239326         388260.972576         76432.2127103         78554.8074260    
     345190.830340        -813590.884438         428167.786123        -439086.383846    
    -138056.969475        -70640.6605372        -478846.346352        -324795.543066    
    -178187.535538         516233.957528         118585.110424         232204.592850    
     222114.409483        -292799.786946         247214.472925         109316.427751    
     163829.301042         67291.1483751        -339555.234480         187659.873490    
    -21557.7261882         21458.0072842        -76138.6809025        -462688.365637    
     116441.992109        -337686.852567         99681.2049145         251088.120298    
     41719.3014854        -251529.971553        -488730.606679         219051.085586    
     176194.787467         315722.766939        -261773.257729        -114156.319818    
    -56286.0167801        -319169.001004        -139237.020214         301284.856645    
     32832.0014743        -29976.8295844        -58596.2747935         116676.161221    
    -52738.7809861        -203362.097584         20515.2863924        -255737.688456    
    -620535.864761        -15584.4861942        -68602.6405436         18879.8461859    
     61839.1375644         65781.9880679        -558305.258965         724473.839632    
    -454200.049120         15284.3981583         835303.946531         497864.274072    
     844863.172417        -12314.0213916         123566.258807        -558892.179382    
     149299.223260        -676357.513748         227560.919383        -35183.8669616    
    -744039.288613         618268.134506        -288183.032428         251039.511590    
     101466.471143        -44069.0064246        -67752.7269842        -321103.274033    
     911486.714227        -484532.324595        -635066.372337        -727673.746761    
     189484.174258        -68457.6542427         199400.984853        -79044.1250776    
    -239745.864997        -345435.846712         320290.629351        -336647.622900    
    -57603.6316376         56154.7125607         339112.958405        -404090.928911    
     100091.154147         343939.857392        -683318.698178         121361.388157    
    -148058.295985        -112359.945849        -379828.113387        -111712.093517    
     300431.863392         50052.6151568         855545.816074        -531971.559099    
     129801.020469        -575951.106390         253518.005000        -440875.772240    
    -76990.2528512         101968.270392         97979.0492238         553447.302243    
     108951.331646         226236.835674        -369558.856814         42365.8328317    
     56766.1168813         408474.833752         679837.682034        -27031.5445363    
     454775.992001         247686.797296        -247874.632919        -656655.015696    
    -119400.354951        -150920.688577         260994.964286        -15665.7051085    
    -558083.421150         217172.854560        -244523.151129         543061.194645    
    -260038.767537        -191090.529244        -992874.423129         385836.653163    
    -648771.891153         3881.27453495         9784.53179626         406482.837527    
    -710489.610293        -112253.366447        -69101.2423413         20141.4144793    
    -262078.377615         153996.892043         309988.743697         541136.584893    
     206915.722022         19095.4438867         234544.522047        -56659.0779845    
     189777.413360        -198586.594719        -215973.937555         83082.4764378    
    -281546.404959         433623.722183         175627.838005         34327.3433740    
     252390.562068        -73631.7428612        -71774.5140337        -186402.132879    
     238337.891390         35743.1094847         62950.2194626        -134908.578427    
    -226098.940762         104317.794865         14414.4070688        -28210.7822009    
    -81589.9641255        -159610.461871        -49180.6255766        -55320.0697563    
     318070.370381         79747.0034531         36014.4649590        -137475.064216    
     446703.609565         15693.9512225        -89432.3344316        -425654.053781    
     55562.5787191        -262853.947107         110512.112595         80444.0445242    
     90863.1106191         366469.478656        -411652.100488         80890.8584724    
     168476.675457        -288879.515775         37987.9921626        -192675.292571    
     129028.945399        -231549.718591        -22229.8018171         186203.359286    
    -249551.752153        -17969.8699276         412198.100543         738656.850261    
    -446484.614172         64340.6848570         150154.971877        -190291.111951    
    -353016.620618         41846.2666636         80360.5741557         232693.965134    
     261805.533107        -255374.274822         88240.9096217        -98807.3694785    
     536863.559338        -107691.457810        -365748.229947         1352.27636188    
    -5638.04659011         299303.994271         336244.708602        -17934.1063328    
     524691.600592        -625965.420125         282738.346256        -48653.5204439    
     17276.9086934         224772.674394        -184121.515820        -60208.1930311    
    -112246.486971         96342.6938143         53553.2686020         18005.7258945    
    -237026.177788         55916.3901620        -212258.144452         158963.710063    
    -174334.510634        -3125.40250781        -34081.0852533         245744.597526    
    -192457.689553        -95493.9441805         22919.9255480         162147.972354    
    -84359.9988901        -42137.3271807        -91761.7257127        -29581.2513548    
     13251.8957454         229647.694438        -494469.374228         93149.5991981    
    -104023.457199         26811.6324619        -299793.245750         295487.237877    
    -200724.906093         219361.572973        -125538.758788        -266898.380509    
    -112715.842227         50131.6683514        -412934.062472        -278767.249722    
    -32998.2101018        -106983.489765         365195.777311        -841675.027627    
     27178.4811257         52291.4690549         78363.3959150        -242484.889626    
     1303665.18521         885418.891127         271252.253174        -158609.034642    
     117057.419490        -172119.012129         264996.285928         72007.1104234    
    -40546.2494525        -377078.523150         71063.2930168        -17604.0841917    
    -754268.302729        -17798.7456127         68645.0489043         639932.032857    
    -198527.072932         460355.325274        -98437.8458537         144025.000937    
    -280384.754787         79383.4882272         2899.64090348        -26387.6287369    
     17599.3327879        -227089.411492         110047.650860        -39415.1747256    
    -1001.94293493        -42742.6123309         8927.05629973         41815.9361640    
     232378.547055         33781.4759249         307143.835928        -93595.9010987    
    -76989.9017825        -124282.154986        -347181.397969         84099.0660813    
     117144.552756        -23374.7545509         57966.4247617        -1927.17565270    
     101745.221172         27857.9491297         447051.653225        -92264.5737361    
     247448.430326         157030.992026         214785.391416         110063.453272    
     382372.097217        -116351.117435         149995.446076         166105.310137    
    -85261.2104994         605897.356004        -532417.654072        -63060.6988852    
     455944.640134         18857.2371046         114308.947583        -272998.374263    
     287816.177178        -391896.892765        -472214.989802        -592678.601439    
     553525.726852         125366.326288         275387.231187         134726.648659    
     246487.921269         206085.418252        -318960.921875        -895214.693645    
    -1282456.18262         168813.818393         379976.263694         196426.316802    
    -224204.359196        -424592.174345         152743.057203        -59382.5531616    
     151293.359367        -414362.956694         112979.644310        -218251.278020    
    -162684.955364        -57539.5970439        -20953.1330295         13742.4724215    
    -12380.4069548         106239.850043         330928.584021        -139377.804675    
    -20868.4148979         17025.6638655        -39206.4783177         56238.4550078    
     30621.1306398         30300.3349427        -36489.7062579        -1170.76638601    
     77774.4143133        -59739.2036664        -58256.5226883         140963.139826    
    -74153.6299931        -165852.746623        -97759.1298041         158615.243453    
     173171.149836         165948.633783        -18992.2776911         136506.089024    
     75197.2274403         15413.4310149        -29955.7708562         146865.736163    
    -203862.702609         306880.744484         970588.062629        -358003.435987    
     103915.324718        -158349.342293        -303550.135350        -364676.174881    
     1034035.22013        -211640.917282        -222020.215964        -216616.310285    
    -245860.540153         6607.55686382         253266.625247         490230.788055    
    -1303529.29134        -96309.1172775         256425.691018        -292750.150187    
    -3335.32093495        -977417.336965        -265308.863974        -407804.154401    
     981013.343662         30674.1818159        -640443.239915         102597.101222    
    -510990.592364         152848.718869        -109957.114380         447473.446619    
    -457470.461636         57067.1960584         81337.3362970        -97307.2035932    
     938344.016328         121496.456759        -7928.77807506        -985818.032419    
    -222060.764210         833907.478294        -284439.242374         819595.095657    
     135608.656238         72720.1442145         289168.302786         390142.266203    
    -425472.408161        -615197.013589        -81332.0588098        -81287.9860415    
    -126941.662842         494334.286352        -96517.2321838         720773.232975    
    -239644.291345         263774.130922        -6724.63930257         186796.647552    
    -206585.873906         107113.382054        -429072.216946        -323235.296345    
     451449.613140        -1043849.80570         187729.665764        -1295241.03938    
    -1039030.99315         333765.346921         41466.9652609         868058.632854    
    -254155.962210        -149783.541097         785227.445331         328121.269689    
    -332028.017232         20752.3829597        -650461.094978        -557270.719669    
    -193303.784754         91349.2846116         93670.9963972         26681.9777042    
    -461963.356393         472178.521311        -235654.941950         636134.434061    
    -689225.277654         884021.183326        -120647.496473         318677.364729    
    -250552.054975         55298.2225656         181183.587023         471998.365251    
    -280492.497975        -82370.3110764         135016.489174         722475.914874    
    -133097.979278         363973.255613        -142098.384701        -795510.493576    
     201774.823019         78720.6562975        -442877.622360        -135842.772817    
     324889.367964        -303129.784352         724637.174360        -37809.5329804    
     48764.3079203        -107319.508115         96802.9946318        -56904.6197944    
    -25456.8914647         45302.0662622        -692958.609621        -36990.6364585    
    -346.470745379         543821.125748         166328.767558        -306910.479219    
     109581.013918        -678880.990372        -11450.5220663         1573.07644302    
    -134923.377479         47347.9281765         622184.457242        -42514.1273190    
     98998.4481727         179069.861992         17446.9435049        -125321.387564    
     54719.0777771        -103095.286471        -13908.3042596        -82426.1163935    
    -15800.4596655         14148.7014945         51092.1960417        -7680.79515886    
    -81689.5713945         9077.43619359        -161489.109663         177461.156894    
    -77367.1531778         538861.668239         422939.158201         284066.908233    
    -964513.944661         494042.453578         110660.825035         209405.192067    
    -402689.224989        -679668.918682         296395.115749         45856.1366033    
     1031575.47173         291574.156323         132029.652424         192414.593149    
    -27299.6671097        -41177.8371137        -697302.304846         404768.583019    
     1026899.47514        -189585.344134        -3381.26107931        -535056.254108    
     28283.7299692        -33274.7008159         336252.214258        -121710.919636    
    -198518.823647        -217643.693251         211921.331342         15419.6964171    
     89605.4249760        -97521.8910468        -61166.4900858        -509778.132467    
    -255917.505706         663180.122513        -109978.285883        -184170.408332    
     74317.8694786         7913.28493776         1611.28899849         204096.968983    
    -570625.238139         3827.48555201        -448018.904162         63687.7889792    
    -47301.0094681         74712.5318557        -461581.711899         686594.553451    
    -9477.73570055         165217.893834        -457105.786770        -19536.9684041    
    -553973.933925        -63810.1110548        -325489.857667        -69078.9912939    
    -439918.523266         236270.910459        -9105.57954001        -48305.9005015    
     212647.606795         226884.338857        -259899.992646         208282.570771    
    -245639.831185         555714.960513         201101.277080         273600.977433    
     497819.595896        -605306.126438         231207.436919         745120.217276    
     258159.764194         585197.235530        -621837.457088         725668.286196    
    -349108.144371         80040.4930012        -530230.253282         964162.651714    
     21243.4590716         197826.527580         17272.0801798        -25254.0338135    
     257834.951244        -127451.543050        -177081.621745         39837.6162820    
    -11970.2584499        -58738.6047559         210863.403115        -191667.384047    
     25598.6372173         91930.6456783        -12416.6590554         123995.049299    
    -23449.9656402         137135.471673         276101.858226         62768.3009760    
    -50800.2447565         685643.774172        -438761.598956        -257866.617030    
     381913.513921         248540.014331         212525.673604         507193.968034    
     121792.433006        -22575.3605928         220027.449238        -104310.704596    
     60682.3337581         92757.7873418         103637.937294         329227.137238    
    -54518.1440404        -71234.4221994        -739682.948722        -210902.236025    
    -448467.574376        -307263.987530        -74466.9407844         52853.5727446    
     195683.915350        -17281.6988311        -329150.673066         152625.637592    
     124940.028885         98789.1422532        -543344.750587         331135.566019    
    -182447.089945        -1491.15596609         76529.6223511         461882.677492    
     554646.964085         29457.9270999        -369514.691361        -242600.587643    
    -139096.943045         223064.000177        -692951.666104         616751.526059    
     671139.873667         10153.1575525        -331561.485923        -340910.692964    
     543277.200322         303055.776341        -193182.196614         48994.4985895    
    -200977.759598         325126.163043         752872.447789        -341350.533622    
    -429420.655095         204090.558096        -327043.868641         8132.78268341    
     284711.547586        -210453.385885        -408287.670496         263037.298749    
    -182713.955102         63984.0593044        -34662.8188487         119839.108921    
    -185231.972625        -220807.393235         54958.7355759         41535.0076610    
    -10570.3199832        -11276.4978124        -95494.9096620         11246.5568059    
     82609.4475798        -71585.2025109         98329.2978667        -15207.3491407    
    -108416.567213        -258182.204069        -171929.612370         30884.8393583    
     80548.2473269        -160082.032630         45102.1683742        -49496.9022299    
     7968.85515486        -22011.6256200         253497.619189         8581.84133186    
    -6783.97324549        -120617.013817        -64941.9858209         79151.3678182    
    -42091.3776553         160907.913214         4003.32469175        -3942.51543023    
    -87673.9607863        -10448.2547770        -167857.509435         15103.1444557    
    -46715.3075940        -23394.4540765        -8241.51804809         11274.8437913    
    -23158.3800085        -16080.0328823        -8216.37182310         9199.83641316    
     4221.11799676         43889.9428620        -157058.516913         56226.7518951    
     42144.0979336         134845.802723         157345.819294        -18593.2996252    
    -2580.60256378        -423927.170954        -159208.898207        -404163.223140    
    -458496.832527         193686.087223        -12570.4213291        -7479.05998710    
     199436.525941         89486.2095430        -51672.2740631         5247.32993311    
    -82720.0205734         10058.5090307        -72907.0100515        -5634.40922331    
    -5326.23294534         10603.9811688         1009.14148145        -109351.210299    
     180599.673185        -118483.342119        -335695.159877         134818.389339    
    -18868.4547364         51184.5993132        -66385.8285816         114907.754347    
     29126.5148735         143408.276408        -65830.6339043        -50396.3872764    
     6307.41264922         24472.2357672         84839.5135639         108741.511067    
     136382.687947        -87604.6474047         5735.66282845         37596.8454934    
     29762.9835895        -7959.43986261        -61221.4437113        -48843.9233871    
     161542.642220         5034.67301824         73197.0527524         6802.66255828    
     13444.3749424        -22621.4641834         189082.369577        -156800.280537    
     16043.2319494        -35369.8790213         156013.570383        -75461.6144798    
     48840.8013321        -34911.0171263         28093.2385236        -81852.9383256    
     244782.691718        -239853.408896        -26882.1065704         35328.4830048    
     8089.57624084        -59708.5921872         70836.3471021        -137684.689017    
    -862862.982146         186207.969698         14990.5808706        -530179.319243    
    -244580.996855         1308152.85322        -358962.185220         164087.595420    
     421953.111087         271476.861553         2617.92351084        -113632.668815    
     178862.107326         227908.233802         10524.4252867        -400800.154441    
     6105.17684012         230782.868836        -17790.3903942        -20482.6470622    
     36989.1072733         62159.8486742        -70795.8961325         75273.4070896    
    -101316.303249         77265.2481169         109483.605166        -3797.63535050    
     14064.5529983        -56683.5059091         116028.763890        -33207.1148193    
     69300.6890190         15664.5990598        -151017.183649        -20790.1380031    
    -9818.66465917        -114633.901118        -99618.2499358        -12642.3863366    
     22966.1165811        -8087.56878689         1106.53561976        -36348.2189440    
    -77053.3404887        -20734.7740992        -237209.292412         35953.0746983    
    -21633.2081819        -62564.1859440        -5688.84901540        -145522.818113    
    -8605.99264419         100689.668193         577783.051467         65093.1331223    
    -139310.426608        -26516.1464124         51751.2039132        -102468.975507    
    -91957.9186423         17246.2045606         200563.648355        -298951.952911    
    -26847.2796902        -199996.844636         11502.7327411        -197476.535649    
    -534297.486655        -175701.609258        -88001.7470079         280621.849539    
     106846.433268        -22752.0064220        -29452.2127015        -171818.617825    
    -22518.4712860        -322783.408869         73799.8374812        -170449.581367    
    -690147.873254         126215.727455        -35930.0307737         501689.178594    
     384518.741586        -58021.6799969        -100633.443814        -62014.6590727    
     24665.0405138         107731.795319         217317.764611        -123272.781145    
    -242355.254541        -528698.620548         232205.300113        -51796.8538917    
     49748.8796443         69954.0895246         40367.8162806        -155922.355648    
     134341.746712        -27701.6114067         37983.4231983         6697.50068130    
    -13113.0732054        -28454.1741631         156.688539847         31980.8641437    
     37331.8223367        -27977.5284123         22917.1431976         4609.64835750    
     78279.1259779         71402.7710558         17904.5829199         62163.3720639    
    -41201.7503327        -27347.8313161         144656.088483         22311.2338403    
     23078.3431111         58975.1221365         73072.7764609         20667.5893897    
     59595.3109728        -464507.678876        -76383.9725589        -2994.29776024    
    -159711.129621         37566.3061619        -119878.648635         552128.397361    
     439416.370354        -160295.446187         473872.544603         233294.272592    
    -264234.986931         70607.5731570        -79397.0111951        -132730.927391    
    -160458.099850         174885.712848         53912.5528269        -91912.2221942    
    -361780.286200         110466.599659         24208.8853582        -73939.0623569    
    -5647.08819159        -175623.576727        -431939.926848        -171604.639996    
     225324.451205         268007.210860         79614.7002388         9932.66982788    
    -46217.4895229        -97191.8024116        -57437.0857447         123414.596280    
     140219.577528         112440.770200         54868.7583404         2333.37801989    
     13406.6514324         111393.398864         147645.647156         1704.66175804    
     304083.802247        -90573.2699807         46974.0961418        -160059.559939    
     91565.2724385         26940.1753955         71735.9705823         83444.8423129    
    -35004.9406562        -3799.14689165         26596.3147309        -19842.2715169    
    -9951.04854651        -83106.6302077         367881.858281         311038.984048    
     151717.618603         230887.987953         229993.202416        -58902.9310858    
     386942.524716        -459229.903069        -319885.317051         75691.7302028    
    -36539.9658861         178247.275823        -112900.289931        -260475.528451    
    -153207.851442         37989.5639309         32188.5129397        -470211.351824    
    -136186.888941        -95870.7252098        -464988.843685        -176636.603878    
    -302217.285758         4639.89003660        -9709.26968062         442309.218384    
     132681.522580        -367434.683720        -326103.269019        -205063.997986    
    -116324.023313        -188927.161649        -616756.229902        -244613.304986    
     456437.357792         527161.272947        -142101.262654        -155507.916169    
     17725.2856653         239983.021022         231717.925602        -143115.181075    
    -569815.112541         133276.003942        -16362.9373541         82591.6142962    
    -139367.419718         120806.405441        -162278.264379        -26075.2811286    
     6779.67447724         46476.1940127         152439.884833        -1228.82031420    
    -52968.3459998        -47749.7538030        -20496.6800498         36445.0863884    
     22268.1057237         10276.8301476         7635.29339961        -174774.747956    
     194248.695382         500190.030550        -206775.869794        -150089.465347    
    -133937.609854        -25772.7750157         3544.60413119        -56810.9499819    
    -75408.6674970         58526.5935984         31413.2939713        -14066.4824801    
    -310.057494612         99984.3916755         272980.554309         48106.9512088    
    -56003.8566272        -125773.571824        -53204.1267146        -6809.92376405    
     13509.0934899        -183955.846639         58003.8057925        -25215.3596221    
    -232189.124659         170517.012048        -23573.5714246        -22158.1841474    
     19173.8898596        -18401.3480616        -8598.61424480        -1676.88349995    
     194512.561319        -45790.2218388         28841.2829947        -47611.5690037    
     452.009958945        -4317.66953291         621047.142784        -243051.861641    
    -322921.613993         298998.487109         153605.273535        -99607.6718159    
    -8494.35527863        -57468.9789485        -132272.603573        -107922.903755    
    -10657.3674979        -97980.3948531        -6625.66436648        -21198.5988314    
     67697.1994673         94563.6988279         32997.1913950         143007.127411    
     284611.322247        -249895.758646         8029.39581091         18398.1171688    
     149649.247978        -105002.954959        -5763.26765358        -46374.8450077    
    -112601.454047         20673.0514023        -28759.4174674         15274.3581985    
    -999.115848187        -7413.33085665         2614.68922774         34617.7621011    
    -11916.6059783        -15282.4989971        -51126.2121123         33634.9904869    
    -33520.3175107         57738.6335027        -16731.6929871         17764.9365008    
     32153.9691896        -197295.290657         116568.194464         11126.9561754    
    -104670.273161         14153.5484791         7300.38317866        -102838.322612    
     86224.6492044         17155.1313111         608536.761622        -65065.8094863    
     266811.795680        -133975.265953        -9757.41019540         156569.865780    
     410875.480386        -508458.907227        -103366.721236        -525448.798325    
     297348.802258         45517.0176457        -567364.479415         77.7432738557    
    -10578.8423851        -206237.244985        -18681.2813583        -55084.1261204    
    -4278.01320838        -5901.18166302         19345.3872071        -62088.8896227    
    -7173.08136008        -6750.67881401         14619.3463066         84451.3322181    
    -907.242794634         23919.0488010         13604.2755097        -79123.3889418    
     56564.6855754        -39895.7754844        -32834.9561295        -89019.2869637    
    -4222.91147011        -91620.6602864        -45661.9881498         14347.8599049    
    -42154.8569881        -2102.82217055        -3627.68193893         11182.9703878    
     118016.348800        -85802.2851414         105400.561223         55432.5427783    
    -61754.8860601         4259.59210697        -87964.3952773        -7802.14759762    
    -10975.0330115        -324708.814306         77945.9633804        -524109.976631    
     432896.623414        -59838.2270613        -29558.6929348        -340301.241701    
    -12788.5418382        -114530.006870        -50027.0837764         99083.4008257    
    -23106.7739246         110191.586683        -396243.309861        -1113.90780199    
     152857.637473        -79854.3518910         88642.5438276         17751.1244006    
     55619.2732621         286665.178099         431228.213100        -351953.912607    
    -83678.3292095        -194761.475393         172417.032941         271478.369992    
    -25853.7460853         25764.3844332        -19587.3121376        -77839.6440300    
     48720.5002923        -98914.9127760        -45017.7262379        -27969.8220810    
     38666.1844427        -7626.28403642        -6709.02990418         79939.6717779    
     170994.826592         224733.662608        -135000.020826        -9118.96340420    
     133463.492891        -36356.7793643        -13751.4062977        -139576.480128    
    -40041.5963675         13588.1702741        -16401.5483224         92640.3388027    
     88728.3660487        -8795.75936640        -25021.4353992        -239152.945008    
    -71012.8766708         321399.038439         71947.1782764        -197459.146818    
     240733.210725         313258.651120        -121366.288696        -16769.9761846    
     190116.600916        -156690.951717        -45583.3684114         92363.6302185    
    -73477.3114787         111474.025074         12662.1563054         4342.68470426    
     140457.911655         26723.7025539        -50423.6647152         49389.9989878    
     153377.119735        -8379.71311630        -7397.49664042         146160.319726    
    -68660.5939562        -71809.5391251         373804.135375        -9908.99708617    
    -219516.292749        -21924.0208607        -31416.4430661         51432.0842447    
     273069.656606         94063.7081844        -135846.882599        -398886.237464    
     45704.9471987         294578.725159         122197.702303         30154.7127352    
    -86919.6108028        -155668.900517        -37623.4076487         86272.9852711    
     148053.951378        -81762.0996379        -14381.9312478         191594.024820    
     118663.992183         27232.4114147         176669.149492        -108068.135920    
     222118.243586        -19617.0261274        -36683.2025287        -292248.658287    
    -287007.314622         19404.4970027         13169.9188244         109706.415808    
     18512.4204394        -278311.062220        -165418.103730         124931.756870    
     194688.175992         119450.678522         97256.7310343        -74351.6794757    
    -36105.3472686         11611.1278878         9835.76756242         104319.797713    
    -30487.8667927        -5853.33452425         907.482720990        -1103.52057038    
    -804.229193546         3596.37901403        -67.8811573433        -3037.70723472    
    -520.449262968        -73347.0495026        -2035.82868867         3812.28094451    
     1565.76063479         48453.8011893        -705.516345953         3524.58395617    
    -1047.85595243        -41063.6033611        -708.059437544        -602.711821171    
     1629.58209724         39574.9145231         8663.95265151        -12840.1914586    
    -2250.49913430         8610.79288859        -10713.7710850         17747.9607110    
     4839.03964921        -8024.55912715         13536.9424634         5706.28887321    
    -1472.71566546         34021.1591402        -9499.09948457         612.913614214    
     1434.53802423         64311.5859977         5180.68725839        -4273.65666660    
    -7090.13238982         14985.5772869        -10131.2564815        -7656.48638711    
     3827.90765896        -32537.9462211         8168.99320504        -645.129894757    
    -2804.40555919        -39622.4480213        -1017.41383915        -1931.29150405    
    -1434.87029483        -5605.98821583        -1752.42271536         1036.33744950    
     64.2847717063         52451.7849845         1732.77904873         321.617485638    
    -756.753214235        -47232.1198870        -1818.09008880         2642.03557838    
    -2509.13575212         6029.53830493        -533.174358031         3154.05023904    
    -1135.74854824        -24070.7096804         286.348698747         293.283318604    
     1049.78514555         587.186139940         1584.45424202        -161.566356614    
     1851.63560402         624.906909100         124.413755459        -7150.42237637    
     5317.01257409        -1460.48750080        -1719.71871187        -1699.17131215    
    -591.056896816         5944.06247178         2463.71792654         1361.10264550    
     840.945507057        -6195.24955013    
  err0 =      2.81E-03
