                  1.40492648387247531794
                  1.25374240696670558037
                  1.49300913624978437433
                 -1.49772523923315370453
                  1.96316514287463994570
                  0.62409788801911891820
                 -1.48059944184453162741
                 -1.24473320549914179267
                  0.73703758647349026933
                  0.79771198516690100533
                 -1.17819320318717046803
                  0.40716374370841762476
                  3.17068825929152442455
                 -0.92882583554926478886
                  1.61966540198383812665
                 -0.36314680220649858677
                  0.43916903974836662972
                 -0.20386362417099315736
                 -0.04894486092231421087
                  0.86162781698292489896
                 -0.54055660189161125473
                  0.48072203349656450477
                 -0.27653395888571924432
                 -0.46072149768916614843
                 -0.26903255763988581650
                  0.20150004690305373112
                 -0.07035893783472767227
                  0.84293007359932814460
                  0.35913904861040996108
                  0.24294038133973655524
                  0.09047645103317973614
                 -1.71294114588621182449
                 -0.33698658934209296811
                 -0.53649956173755553035
                  0.98034710224507282117
                 -0.72944305197329828427
                  0.68791049243922275380
                  1.92680027296650902002
                 -0.06938090345069684861
                  0.52353323829887121743
                  1.32982137273469147587
                 -1.33753443509578184845
                  0.49482627178964999626
                  1.21019340096292982167
                  3.36587493707397067411
                 -1.27084754331602756139
                  1.45290666904649756752
                  1.13509261738342948078
                 -1.50552247779291037411
                  1.34711261611314925268
                  1.22977380180538253818
                 -1.43975981313249956628
                  2.26004900028733546336
                 -1.14720231032584951691
                  1.20254260474712171280
                 -1.39090356153528249550
                 -1.16200602164596755728
                  0.55158624394888089437
                  1.47209907954412999587
                  0.68255060544826584579
                 -1.11935664664816236780
                 -0.48095079931564055364
                  0.68959287812164082876
                 -0.51652528036953260226
                 -0.83447036572373267660
                  0.02963476304968130914
                 -0.27052258810597301641
                  0.22816629882261224571
                  0.18192512783162398393
                 -0.28768947360743740704
                 -0.30035821358582481810
                 -0.23601979422610461223
                 -0.92063587686518921771
                  0.28119109460649271970
                 -0.04162414994509712474
                 -0.02686391795426338117
                  0.60038842019893046142
                 -0.69160449397885792600
                 -0.09103833507120873136
                 -0.57826752537777181828
                  0.90800788610747351637
                 -0.35257130109576223509
                  0.36675098124837729463
                 -0.83221901529099129302
                  0.98410273736351083773
                  0.63079350385737242846
                  0.58969430499393449274
                  1.48214302296233380041
                 -0.97128474276752585492
                  0.50794310670610909320
                  0.54518129359211886520
                  1.16368415926861246135
                 -1.33697527082553957456
                 -1.30889672264092937759
                 -1.36157186747566671947
                 -1.39906404273716211684
                  0.96300688445974680363
                 -1.28233418290216305557
                  1.24489658471285324914
                  1.49002904987666218162
                  0.58775134149722008114
