  0.594407183521031     
 -0.179058566356191     
 -0.399840928845028     
  0.456249385601088     
  0.485308659918616     
  0.522467593666059     
  0.512699314820670     
   1.02267102785696     
  0.525310602595777     
 -0.109511414994046     
 -0.164112531551162     
 -0.534973408507123     
   1.28354772890110     
  -1.43072456813467     
  0.533237901775156     
  -1.14018995490074     
   1.87668172712632     
  -1.12407489281971     
  -1.13388140754742     
  0.616679926117260     
  -1.25962357897533     
 -0.553597472998723     
  0.773729819909443     
  -1.24079595501620     
 -0.514035455231734     
 -0.773163591993428     
  -2.42932306178167     
 -0.852254966158633     
 -0.114408362507258     
 -0.824612410551713     
  -1.20502669239774     
  -1.34919148687301     
   1.05676805636749     
  0.683562034912637     
 -0.108016469277267     
   1.42530595327117     
  0.434799218115341     
 -0.508517421277066     
  -1.14687347413749     
  0.186941436958564     
   1.84819757287961     
 -0.712202557214406     
  0.503103249584536     
  -1.15266256954712     
  -1.07869993976096     
  0.308782423015536     
  0.534926210920722     
  -1.12064857453553     
  0.916630516345040     
  8.023999146278482E-002
  -1.57380995686361     
  0.236560889144432     
  0.436136768735135     
  -1.04545538771585     
  0.567441083412822     
  -1.97666431799038     
   1.13856814020403     
  0.284405880619793     
 -0.163509902952785     
  0.243004192952929     
  0.190086043978617     
  0.198098627797469     
 -8.226096129584276E-002
 -0.821102965422520     
 -0.273108920349358     
   1.87383192659351     
  -1.17348577479603     
  0.991184442363043     
 -0.979538820680511     
  -2.40024365488297     
  0.914908880890050     
   2.84568909852907     
  -1.62734962782362     
  0.168327712558594     
  -1.46395154137262     
 -0.663874617535647     
 -0.248301652098225     
  0.536155422866516     
  0.276772423607388     
 -0.132225774377721     
 -0.724204547695867     
  0.949212868163017     
   1.56479892719066     
  0.884877448203771     
 -6.693576981332401E-002
 -0.249116320763140     
  0.282592546819146     
 -0.933322601415767     
 -0.529162352428236     
  0.783076207628244     
  0.633305817700125     
  0.374264817931504     
  0.932194711359058     
 -2.194606187209363E-003
  -1.82012322028050     
 -0.666033852504832     
  0.959436289133139     
 -0.208186130312352     
  0.860130449809207     
  0.646657500115975     
  0.328526230313793     
  0.385919814547062     
  0.602174606368852     
 -0.499325547686635     
 -0.670433568157118     
 -0.355485167189619     
 -0.820806930475364     
  0.913946149324423     
  0.960792208438084     
   1.21310625574280     
  0.179818830235607     
  0.914375271939744     
   1.16464899479725     
 -0.894743918103091     
   1.17171813236925     
  -1.39186929556451     
 -0.179359364883279     
  -1.03843449471777     
  0.591718248516874     
  -1.73339775184935     
  8.843902899350584E-002
   1.47222813065225     
  -1.09768948433371     
 -0.466776427672951     
 -1.403706039327975E-002
 -0.955976709505316     
 -0.175064486215207     
 -0.181504468176767     
  0.258444280522616     
  0.928585072880347     
  0.806687744242367     
 -0.262218118961569     
 -0.326060345838894     
   1.89889235883093     
  -2.67232183569445     
  0.517904375176211     
   1.03693807250617     
 -1.573938461956876E-002
  -1.10534455453664     
 -0.851013575697795     
 -3.318223517596088E-002
 -0.220981815361304     
   2.29272071370755     
   1.07853689204108     
  -1.31215395376136     
 -0.484332771667454     
  0.818985172892887     
  -1.70394669297301     
  -1.55040730478810     
  0.638164909994687     
 -0.677212049428086     
   1.18353831598380     
 -0.278001200859683     
  0.104294819378087     
 -0.668781949613766     
  0.425019262468440     
 -0.169587225288419     
  -1.12937926887032     
  -4.18483682452962     
  0.128695223030658     
   1.99268440808700     
 -0.282609224081040     
  -2.22318565826401     
  -1.73335737069507     
  0.664331433591808     
   1.24528646033977     
   3.89413560421156     
 -0.141727374499077     
  0.895186937429777     
  0.719782559362362     
 -0.401059210684127     
  0.140100748094407     
   2.35015381683434     
  -1.78935574786885     
  -1.61782664423397     
  -1.65661545096192     
  0.849138337254694     
 -0.478643968170862     
   2.70484503459289     
  -1.21697924363080     
  -2.19028776526918     
 -0.277018745140569     
   1.23927123804616     
  6.614925735749261E-002
 -0.387511700894382     
 -0.543953158579253     
   1.59467566465520     
   2.00012686652122     
 -0.333848425841425     
  -1.34289977407974     
  -1.82584617646611     
 -0.988375813210520     
  0.367826405762711     
   1.41820450330785     
  0.884517149752225     
 -0.584085094956959     
   1.44909377809380     
   1.14512092190089     
  0.122130047655036     
  0.840876844372194     
  -1.85524457394408     
 -0.959033114193482     
 -0.351883027863447     
  0.471041815684813     
  0.463498549047564     
 -0.672693642807073     
  1.400619150443914E-002
 -0.450568795036740     
  0.722947357968538     
  4.234534516670932E-002
  -1.54097919329247     
 -0.499241281053244     
 -3.886557338655902E-002
 -5.387246441948578E-002
   1.81454371551475     
   1.18616089336531     
 -0.289264146640798     
   1.23563626941965     
  -2.13276532547335     
  5.473975539300816E-002
   1.75603039630851     
  0.407408785328804     
  -2.00621102655537     
  -1.93675229355722     
  0.358013603812380     
 -0.334481189843265     
   3.40781592457616     
  0.676788794030691     
 -0.305495873503207     
  -1.55900355535122     
   1.07501443062250     
  0.286624037094893     
 -0.146221099235595     
  -1.22425554628663     
  0.746494622996251     
  0.361929212996646     
 -0.139072467795728     
  0.990364841738433     
 -0.374887396748944     
  -2.06365753459669     
  -1.08441174149452     
  0.446662287891735     
  -1.01826936561734     
  -1.13603602572775     
 -0.442496579253613     
  0.658123289996294     
  0.226017631445833     
 -0.529047484990700     
  0.115067276502058     
 -0.779628128215001     
  0.316268958404687     
 -0.116280841919946     
   1.69687561952283     
 -3.305574553164790E-002
  3.575886573041565E-002
  0.396044141636817     
  0.767091141182830     
  0.491476133172502     
 -0.163813644187294     
 -0.995744717696050     
  -1.24135078535627     
   1.20604017324177     
  0.602450769070274     
  0.623556630694413     
   1.20288722509907     
  5.548356916016379E-002
  -1.01453764150967     
   1.04462773011928     
 -0.682190539721618     
 -0.477709313122982     
  0.642544671048030     
 -0.944138344564174     
 -0.746962132924127     
   1.34187341629298     
 -0.866076085520127     
  -1.09068677906467     
  0.190737417450542     
 -0.176253073109674     
 -0.810932027993285     
 -0.382982831058982     
   1.47420940677261     
 -0.661505919802500     
 -8.014763683171745E-002
 -0.896407794695483     
  0.791109188852595     
   1.03512252717416     
   1.16946072868219     
  -1.21705833124014     
  0.821586176593159     
  0.628075165148257     
  0.427177129546933     
  0.845510656898302     
  0.299075525962765     
 -7.315042849314943E-002
 -0.179030144168124     
 -0.565400461171510     
 -0.364620410664245     
  0.974045155364919     
  0.859685677141329     
  -1.23253760646152     
 -0.142923089356687     
 -0.593861702204732     
 -0.656919245383421     
  0.818555105341410     
  -1.19876821587934     
  -1.25629290663234     
   1.33319119905090     
  0.558919185104336     
 -0.626738297133870     
   1.59213828472120     
 -0.599001712832207     
  -1.12391789008959     
   1.44677332657327     
  0.240819397024236     
  1.879794547000057E-002
  0.349709207477328     
   2.34497690151207     
 -0.440049796017756     
  -1.27083942813291     
 -0.389790825436851     
   1.07989276440592     
 -0.735259903781077     
  0.796771576367550     
  0.335378933835601     
  0.911691666244197     
  0.188760560513672     
  0.652838996222513     
  0.453796904017618     
 -0.535358095228620     
 -2.115058987984548E-002
 -6.967119353570178E-002
 -0.553718782156973     
  0.118793937600142     
  8.099326367895168E-002
 -2.123858898760672E-002
  0.158161439410840     
 -0.573213270688457     
  -1.24561597604794     
   1.34599496773425     
  0.562732732838147     
  -1.91307117375306     
 -0.127671700265175     
   1.78759109574813     
 -0.563975511943463     
  -1.69829215397929     
 -0.136307563957492     
  -2.09538164330193     
  0.265821598265716     
   1.29363729352975     
  0.991777677483212     
 -0.941877259747716     
  0.199695796798839     
   1.28779984922364     
  0.846302016143341     
 -0.627214967939407     
  5.723234428009634E-002
  0.215510221903094     
  0.503784194275897     
  0.252467259743414     
   1.10120801479227     
 
  -2.33088967136041     
  -2.93527167586036     
  -2.25120663915696     
  -2.00064656213430     
  -1.28796821068078     
  -3.67489821815503     
   1.25922501021790     
   1.45331544178426     
  -1.43268321572168     
  -1.24504049743204     
 -0.433463277050630     
  0.982619110777045     
 -0.831480358379668     
  0.589973696667087     
  -1.93962796517347     
 -0.526372817422197     
  0.766553720131334     
  0.483771642988093     
  0.336808193339229     
 -0.393003429192745     
  -1.14005856366426     
   1.14784804179339     
  0.942505321018817     
   1.55821210168370     
   1.64360657134403     
   1.91045309812668     
   1.93488703181237     
   1.58991988236889     
  -2.20486964506726     
   1.68804502401015     
 
 -0.123017681936433     
 -0.167808827965997     
 -0.789652247842994     
   1.03176680902264     
  0.522220002634117     
  0.338179566264710     
 -0.373109975729428     
  0.499618120278608     
 -0.576190145054610     
  0.722161706704318     
  0.780637418870205     
  3.395981680704034E-002
  0.716832174617300     
  -1.11824478826264     
 -0.399827971106234     
 -9.205768278713897E-002
  8.757585901395704E-002
 -0.493250285016506     
 -0.797441893192790     
  0.273410432509663     
 -5.186029622935199E-002
  0.751352332024139     
 -0.372883722748383     
 -0.363675479577128     
 -0.668169959468434     
  0.307802729082421     
  0.105279537710426     
 -5.153452099844144E-002
   1.71600825861360     
  0.139825619117248     
 -0.442156987118680     
 -6.540047479592948E-002
 -0.275982787045113     
 -0.403397501542448     
 -0.225564493119645     
  1.670392881333159E-002
 -0.147278329087992     
 -3.837664642436917E-002
  4.611197664138993E-002
  0.349274796855655     
   1.33066969918309     
 -0.574454036582717     
  0.133262167705647     
 -0.611778502989361     
 -2.878754422852813E-002
  2.771758899475586E-002
  0.316277229016814     
 -0.436023523771644     
  0.172917291651673     
  0.647210146678232     
 -0.115254421385602     
  0.412387172538145     
  0.317197696504053     
  0.693405349094640     
   1.21374315798926     
 -0.635388837368227     
  0.274178645475472     
  9.930334937176276E-002
  0.988175429596732     
  4.057571093934285E-002
 -0.481116652459930     
 -0.161682304422315     
 -0.518027411508889     
  0.129664018266737     
  0.400432858225373     
  0.457871345062078     
  0.426658340297329     
 -0.561100574797113     
  0.572738462483265     
  -1.12788261516910     
  0.383291973282717     
  0.301943486431673     
  5.658262325705994E-003
 -0.105313234353063     
   1.25424571618751     
 -0.231921714720552     
  0.316143456459147     
 -0.204622342473091     
 -0.197215362011287     
  0.298115290560524     
  0.799087646714687     
  0.840675516058669     
  -1.12066671782609     
 -0.509082244113313     
  0.255858553955510     
  0.197398315073946     
  0.205536147354975     
 -0.397709744962598     
  0.301136699288969     
  0.752757146731195     
 -0.524835758745891     
  0.311824871883163     
  0.160756082230708     
 -0.440952697731803     
 -0.547299705023435     
 -0.496067875886987     
  6.320721240225471E-002
  0.163106167547710     
  0.286454726636210     
 -0.401825041515529     
 -0.117852749006176     
  0.756591806180970     
  -1.14751681885778     
 -0.284872167765524     
 -0.561147117831407     
  5.725090748848450E-002
 -5.094581787272496E-002
  -1.00111549788840     
  0.445655693924919     
  0.611088873438902     
 -0.491406514562126     
 -0.101732323979837     
 -0.284718813954111     
  0.337185677477380     
 -7.432642655428973E-002
  0.250095337106172     
 -0.758576881855521     
  2.651757505018155E-002
 -8.929594064950107E-002
  0.109383803317491     
  0.888402998511189     
 -0.390736540083013     
  0.422363891787866     
 -0.265225744760168     
  -1.05930494385625     
   1.86846188354888     
 -0.160537246090174     
 -0.747453554771474     
 -0.570276436127319     
  0.658346088650921     
 -0.407752398768815     
  0.177094036952454     
 -0.185606921269285     
 -0.381665649981158     
 -0.352748619254735     
 -0.728848184690844     
  0.742551847226375     
  0.241038419511042     
 -0.235686935037667     
 -0.571135554406701     
 -0.924823502914407     
   1.29455384039052     
  -1.07695947574108     
 -0.254009426379545     
 -0.718445392723585     
 -0.292250839263289     
 -0.679224703981850     
  0.179687178256581     
 -0.315831346065021     
  0.858920362315009     
 -0.458016599504569     
 -0.970503628022375     
  0.140019980506662     
 -0.752059186515166     
  0.733249459709668     
 -0.450107152875279     
 -0.448248920306896     
 -0.134592983317854     
  0.614243748515564     
 -0.121758640461030     
   1.23417909448847     
 -0.579030238216860     
  0.160265503238354     
 -0.978987570054116     
 -4.784592184812860E-003
   1.13170872074513     
   1.06134083353043     
 -0.394965304382717     
 -0.680639586293204     
   1.13939162871453     
  4.165357424480453E-003
 -8.490241958441155E-002
  0.212896332703062     
 -0.646865209466811     
 -0.215975719141891     
  0.561723715591385     
  0.606224703939766     
 -0.350703132220510     
  0.432993725038583     
  0.425768374269785     
  0.455770415110275     
 -0.128000772042643     
 -0.201790151422327     
  0.146085831214860     
  0.572186336310363     
  -1.39475251457202     
  0.223631657434913     
  -1.33723623096121     
 -0.198639384902322     
  0.877235914893721     
 -0.498178750255146     
 -0.781582021052279     
 -0.347639103841878     
  0.218751267578104     
  0.109607413988621     
  4.231313197404962E-002
   1.11979161592207     
  -1.14061009400291     
 -5.398728753636838E-002
  0.309326391054686     
  0.126384486995127     
 -0.880102061483576     
  3.664674807654596E-002
  -1.12107377163764     
  0.138163267753806     
  0.267405946093844     
 -0.127710047269198     
  3.618640599939109E-002
  7.289055434057105E-002
 -0.162395533448992     
 -0.261953656143445     
   1.31919389204263     
  0.264737167782478     
  0.599155537627292     
 -0.442034889517680     
  0.284990872335269     
   1.07055740814886     
 -0.168483446581224     
   1.12403016856576     
  0.467779018158641     
  -1.30871017615759     
  0.967046004658698     
  0.216842054207910     
   1.37099891208236     
  0.711150451289803     
 -0.267660344335710     
 -9.822406127479791E-002
 -0.571711150054210     
  7.189236943340857E-002
 -0.497223961180564     
 -0.247063302403863     
  3.429678770792305E-002
 -2.716293598379256E-002
 -0.176401538779656     
  0.299591153079719     
  0.566114439082930     
 -0.429563230351912     
  0.185114188507612     
 -0.518168030158878     
 -0.305124285476069     
 -0.520188182437251     
  0.771920599690851     
 -0.839345669519924     
 -0.370202049115659     
  0.664336683223507     
  -1.39723300406658     
  0.250153012386780     
 -8.704082187373081E-002
  0.670927215983148     
  0.182871255913317     
  0.633392707855377     
 -2.613864707167961E-002
  -1.37454157576560     
 -8.413143631889258E-002
 -0.163952694443126     
  0.457187872498425     
 -0.779324616615683     
 -0.369373538472499     
  0.331570122304651     
  0.260516649976511     
  0.879395573593922     
  0.236539541784244     
  0.863331913312339     
  0.782965132016622     
  4.590530482463531E-002
   1.36563249866294     
  -1.40137336090590     
  0.214018544985801     
  8.854428471548725E-002
  -1.31648471484846     
 -0.509872933798637     
  0.480085992611003     
  0.623850316987973     
  0.689152629826759     
  0.394691349569794     
   1.21768473849232     
 -0.578278049542111     
  0.434259556498976     
 -0.102720435958041     
  -1.05514163627276     
 -0.380885222910923     
  -1.28926480741948     
  0.626962583213132     
 -0.424573363659993     
 -3.922991029568795E-002
 -0.407816138425857     
  0.912571741318777     
  0.310743787541572     
  0.135027664724769     
 -2.300021578451555E-002
 -0.126828028145896     
  0.309801776636470     
 -0.111733819692320     
  1.726880453297390E-002
 -0.654969163484922     
  -1.13076615377181     
  0.190616717570879     
 -0.172217565024568     
 -0.838954506078483     
  0.596286518219457     
 -0.734409054323412     
 -0.340554882851212     
 -0.123915121272860     
 -6.104726346647440E-002
 -0.172680683657167     
  0.718852839101684     
  -1.26351457374604     
  0.146457133751381     
  5.408923150106527E-003
  0.724107431379248     
 -0.237855509841604     
 -0.475017839380220     
  0.514864237300756     
  -1.13821139566902     
  0.561717501201091     
  0.342188525849859     
  0.275575528139484     
  0.675842397852343     
 -0.459433275164389     
  0.513822325816541     
 -0.269501179895632     
 -0.577304866982240     
 -8.718078467087972E-002
 -0.551469403569592     
 -0.462692657180541     
 -0.194001875760612     
 -0.565485056438886     
 -0.663020089869485     
  0.693527832996076     
  0.441094665137836     
 -0.193759891059568     
 -0.115431895495993     
  3.712024769195096E-002
 -0.446169944848578     
  5.508361717672635E-003
 -0.263234995102100     
  0.355520439193243     
 -0.282825983428811     
 -0.180148188114781     
  0.398316122686201     
  0.283391001691754     
  0.342594255646263     
 -0.312982964853938     
  0.400932041925527     
  0.235729285533460     
  0.347808108734882     
  0.714275232307859     
 -0.377249726007615     
 -0.320749280553555     
 -0.580661277724514     
 -0.564842572057253     
 -0.494276854984561     
 -2.177904592549545E-002
  4.002675899403214E-002
  0.219326832799563     
 -0.365242630522521     
  0.403426888138158     
  0.107335805336931     
  0.230306723674598     
 -0.460825209731516     
  0.793181228523352     
 -0.405687190097211     
 -0.335333326051270     
  0.220251218451900     
  0.256891662421270     
  6.267029599487837E-002
 -5.405930998758417E-002
  0.552498113491196     
  0.593321180429458     
 -0.227580971136487     
 -0.517212372840118     
  -1.46484887806367     
  0.822348908118991     
 -0.777435532251236     
  0.654027591039772     
 -0.912109113641459     
 -0.167616505995945     
  0.466770686590620     
 -0.226639653462363     
  0.210836690364956     
  0.375771048054626     
  0.800799280990161     
  0.293308576119716     
 -6.487680852276204E-002
  0.599058672326972     
  0.226002867385136     
 -1.208050254358863E-002
 -0.607117175267113     
 -0.636332884382669     
  0.480501892925852     
  0.285170664909808     
 -0.489745521045729     
 -0.515111530234263     
 -0.241473922462369     
 -0.324129980230446     
 -0.604321501557086     
  0.249955222703495     
 -0.313001694387032     
  0.319069413602953     
 -0.218508285476518     
  0.373299492148216     
  0.373997205473845     
  0.857505360280329     
 -0.161622189660302     
  0.149647331799164     
  0.196958448568453     
 -0.301323697474302     
  0.644812792794230     
  0.861835794491653     
  0.694806532718060     
  0.320032483929330     
  0.285728371109849     
 -5.615832225375972E-002
  -1.06080576842538     
  0.857675788326451     
 -0.162133413029940     
  0.804387272940375     
  0.280586274546064     
  5.271168198238333E-002
  0.276973678452443     
 -0.287716310771549     
 -0.133498588517885     
 -0.266071832528332     
 -0.202174466342794     
  3.397577404094930E-002
 -0.191229786399702     
  3.981750966701455E-002
 -0.131814033498862     
 -0.363479379862792     
  4.778404807244373E-002
 -0.155935913977331     
 -0.284525910876739     
  6.035983365399693E-002
 -0.979269218523792     
  8.966585770890657E-002
  0.899028362791866     
 -0.215024683774635     
  0.557026545603624     
  0.471051702442364     
 -4.022201806028511E-002
  0.188263255184919     
  0.291079835424636     
  0.699319125122857     
 -8.708210107255544E-002
  -1.75531954713930     
  8.182492992072084E-002
 -0.144835383722688     
  0.666604132254416     
 -0.196699222158392     
 -6.105681013491625E-002
 -0.652589398623780     
  0.965573079184924     
  0.474311836384347     
 -0.499848269893010     
  0.220533561224620     
 -0.545016970385420     
  0.507475100833272     
 -0.337633406102405     
  8.225922801951688E-002
  0.232901202053152     
 -0.404873118017682     
  0.628915759016504     
 -0.377587039489977     
  0.605097847852764     
  0.443116515214921     
  0.647336641725078     
  8.658400468254931E-002
 -0.212141557123740     
 -0.383000712257559     
 -0.888681856967710     
  0.171496481797073     
  0.404764813781675     
 -0.486170141543456     
 -0.641082210283382     
 -0.134059328162525     
  0.622255675817894     
 -0.252965784397843     
  0.194194919229604     
 -0.603889242642121     
 -0.511599934453514     
   1.03643928150504     
 -0.776656409927000     
  0.195682690317427     
  -1.18582950592985     
  0.135017538835175     
 -0.544986994891103     
 -0.591701237592618     
  0.885208789488253     
  0.442684185453837     
  0.317914555125596     
  0.734943396638050     
 -0.369850232387828     
  0.155188583317120     
 -0.704798450660686     
 -0.104084224080978     
   1.21059697810697     
  0.322055048976237     
 -0.563864972263319     
 -0.604582394346852     
  0.851707242987107     
  0.208780603521626     
  0.411720439139135     
  5.399673315412376E-002
  0.976435402248447     
 -0.348616104155366     
  0.761020400284968     
  0.528466897616129     
 -0.761485442412888     
  0.254345515369325     
  0.310345824629658     
  0.135753641528371     
 -2.348518457419164E-002
  0.253549859496175     
  0.960280596358174     
  0.596336084233776     
  0.195588753243670     
  0.523299447696225     
  0.548717150183670     
  -1.36069303001240     
 -0.751374070134660     
  0.268921165541444     
 -0.552780766134437     
 -0.191697855154013     
 -0.298590625198309     
 -0.458716297416269     
 -4.642733083607893E-002
  0.107858833883994     
  0.345299774847260     
 -0.267342718939411     
  0.888776109088274     
  0.318283347346388     
  0.157199233016397     
  -1.18461303584947     
 -0.749470585551985     
  6.398153673895488E-002
 -0.649671232811226     
  0.324351543528207     
 -0.415117285144188     
 -0.308182871827160     
  0.395747304522191     
 -0.176083788209801     
  9.094821582453554E-002
 -0.791637615189009     
  0.592196696318361     
  0.285693859083444     
  0.629843118964143     
 -0.519981291384614     
  0.299948300721844     
  0.348404635967482     
 -0.599873395796429     
  0.770494575848188     
 -0.328575312583067     
  0.614964792493301     
 -0.354829124817995     
   1.07866530207006     
  0.900960799032980     
  0.118508479035435     
   1.12036283483362     
 -8.198175013653020E-002
  0.171787683317553     
  6.132501993428890E-002
 -7.530573911007958E-002
 -0.130312410777945     
 -0.923145688058993     
 -0.490115719240350     
  3.670550957475729E-002
  0.152426870293782     
 -0.244811644222683     
  0.188015309533065     
  0.300018165672938     
  0.319312422011126     
  0.153454485953859     
 -7.576904685412822E-002
  0.457283850730912     
  0.186835094642550     
  0.174683595427485     
 -0.476870447564199     
  0.154905362793174     
  0.419035575990289     
  0.126788964466413     
  9.131436699040218E-002
  0.170105439133369     
  1.762669123605343E-002
  0.334667320907216     
  2.151563105557102E-002
  0.258123148033592     
  0.479025422254725     
 -0.741975476639032     
 -0.119084388487316     
  0.362474694950508     
 -2.531271251145909E-002
  0.252150591307390     
 -0.509750076004119     
 -0.356557591158768     
  0.261036983999623     
  1.133608132783567E-002
 -0.515375543974096     
  9.891720639905204E-002
  0.265125891486118     
  0.321665175754115     
  0.171515335679396     
 -0.250668019030121     
 -0.537418502674288     
  0.350106867508350     
  5.837085663917944E-002
  0.245576032707813     
  0.359303205511718     
  9.524894477764018E-002
 -0.266570087780618     
 -0.376597779229011     
 -0.189383011342930     
  0.319955598505992     
 -0.800386448961848     
 -0.146046778182037     
  0.179071956503377     
 -8.415382385492814E-002
 -0.212410525952071     
  -1.19079159975402     
  0.213376113939768     
 -4.810916205327202E-002
  5.950595138151078E-002
  0.359577237001332     
  0.500140851599912     
 -0.227987807110041     
  0.633990690912609     
 -0.531167066783188     
  0.172158584549142     
  6.436119574132727E-002
   1.14982375872790     
 -7.440011118243717E-002
 -1.741645032971410E-002
  0.640417158036323     
  0.505084640831371     
 -0.251237978830030     
  0.210672293560139     
  0.127256935411940     
 -0.372423433757146     
 -0.467683729726331     
 -0.263677504594795     
  2.265219758407838E-002
 -5.372193796134933E-002
  0.176960644937153     
  0.306633645337517     
  0.341104699750665     
 -0.735052207000257     
  0.350494712883448     
  0.184789934870822     
  8.557261932052114E-002
  0.672446155778975     
 -0.132352094552456     
 -6.283206949103717E-002
 -5.095935344803006E-002
 -0.721119309243651     
  5.490842706211904E-002
 -0.142806155683648     
 -0.786276994927394     
 -0.160666376246339     
 -0.147433168596957     
 -0.538639808154443     
 -0.128760487910933     
  0.315135298493938     
  0.409357891160280     
  6.451712739588038E-002
 -0.651660263100825     
  0.516312100193639     
 -3.755506160456298E-002
 -0.593207654634055     
 -0.105692440548953     
 -0.113161280387823     
 -0.407359907241184     
 -0.191943623895973     
  2.415870910556708E-002
  7.241343912597728E-002
  0.805617918861859     
  6.501363776852413E-005
  0.131042876800751     
  0.138644922590450     
  0.248598313443966     
 -0.287572974825431     
  2.534893707394869E-002
  7.819465734513045E-002
 -0.115732585227175     
  8.344136644886654E-002
  0.372705468361670     
 -0.436718991559820     
 -0.458614383811483     
  7.014615572613032E-002
 -0.613976270027600     
  -1.05355611017569     
 -0.265383150981739     
 -0.110101917561209     
  0.540731791765957     
  0.149432827119931     
  0.124938926224500     
 -0.646194439723217     
 -0.677575120703786     
  0.614625023762077     
  7.707875276537041E-002
 -0.751976500415245     
 -0.847625039635720     
 -8.253937462115325E-002
   1.36560365164246     
 -0.764669241316346     
 -0.110230684975091     
 -2.609011351681596E-002
  0.862866433861780     
  0.315700636030539     
  0.905201846659820     
 -0.477681906378220     
  0.139013608653903     
  0.491282573346719     
  0.152683925864652     
 -0.312332071138054     
  0.303481462779943     
 -0.586705315199538     
  0.473168220944652     
 -0.512959108290687     
 -0.722154912594969     
 -1.824396581596156E-002
  0.139826256151872     
 -0.769124672064699     
  2.400171146251571E-002
 -0.343658931401935     
 -0.336605825007201     
 -0.589945399757544     
 -0.390692841515541     
 -0.158385672115701     
  0.209147880927350     
  0.401977380915441     
  2.202208321338437E-003
  0.274135750706904     
 -0.378144093984328     
  7.575680227743492E-002
 -0.383653477831341     
  0.357623572393459     
 -0.229089091924327     
  0.866899308069845     
 -0.379514168614371     
  0.929992943047908     
  0.307165496632788     
  0.579828314882609     
 -0.326848291087384     
 -0.170228207233902     
  0.245174696556126     
 -0.148368485604959     
 -0.870857419658849     
  0.542981388359974     
  0.832783907749289     
  0.582503251476277     
  4.493325763529421E-003
 -0.557274149868127     
 -6.908014317932486E-002
 -6.373819590391247E-002
 -0.309680386555400     
 -0.351466696669251     
 -0.413466197591277     
 -0.604480740177790     
 -0.154364569563530     
 -0.130068014013722     
 -0.637302898597994     
  0.366117379051334     
 -0.167198905684804     
  0.334369795931720     
 -7.374576826023196E-002
  0.110943105443910     
  0.190063160132931     
  0.206861515330452     
  0.800329712442384     
  0.216983484666477     
  0.125783878876575     
  0.238061333818659     
 -0.862194773285485     
 -0.452716452209310     
 -0.258649319017748     
  0.419778984485977     
 -0.377716689094379     
  0.393434306736236     
  4.760783865036046E-002
 -0.780388784562250     
  1.166398685055156E-002
  0.619539166902056     
   1.04423866199319     
  0.207301058754715     
  0.440317525808021     
 -0.466952410186183     
 -0.215999909151070     
  0.295922462814562     
  8.279310577786601E-002
  0.289669735020828     
  0.218341059737436     
  4.774640844543138E-002
  0.319690696941030     
 -0.136148184348305     
  0.245945320734278     
  0.633599741006431     
 -0.705678851838685     
  0.258816118810448     
  0.318229079617793     
  0.586349627530973     
 -0.519573496598126     
 -7.995863021981911E-002
 -0.715814791186905     
  0.442579505831497     
  0.694792913088222     
 -0.163855727143015     
  9.108678746296331E-004
 -0.292794996208917     
  0.404898696374631     
 -0.990249116041409     
 -0.183904007005103     
 -0.340497316956628     
  -1.01285922065971     
  0.407426932399241     
   1.43570561526344     
 -0.473003649397774     
 -0.515739840606983     
  0.980701554576119     
 -3.894042713132893E-002
   1.03160344563999     
  0.210498577156902     
 -2.312541752045551E-002
  0.373752183765506     
 -0.552445614611436     
   2.88287493206195     
 -0.422734697765166     
 -0.427026109121119     
 -0.264292781450472     
   1.11703214756954     
   1.70359415218256     
   1.35223100822885     
  -1.11769998054425     
  6.133195457004651E-003
 -0.307957946105830     
 -9.355046947452167E-002
 -0.131218873186086     
 -6.346854220701563E-002
  2.436396115914537E-002
  0.272613414053508     
 -0.471934270866511     
 -0.429425946339811     
  0.266397105579638     
  0.370532771590241     
  0.850426163635279     
  8.048994081846234E-002
 -0.168319635842058     
 -2.789337106136763E-002
  0.594406695572317     
 -0.671471051087851     
   1.40050931979539     
 -0.261688345172124     
  0.671712494564328     
 -2.022832847880515E-002
 -3.195100271553373E-002
  0.686108512316100     
  0.568273936573661     
  -1.03331543206336     
  0.279401392762023     
 -4.974014070964543E-002
  0.209948661508343     
 -0.521820263490394     
 -0.208808631484508     
  0.447018005128443     
  0.710805828977434     
 -0.132767317424306     
  0.248019708439135     
  0.643187192438259     
 -0.655859564807769     
  0.160625369934972     
  -1.12174429404510     
 -0.436047081670827     
 -0.706601004562959     
   1.14545762864068     
 -6.278100102949509E-002
  0.306409869861930     
 -8.530943253752220E-002
 -0.374698382552328     
  0.275179509126512     
   1.03409443006457     
  0.509037422013657     
 -2.008680039565485E-002
 -0.603223106582493     
  0.688782390131603     
  0.891474265708954     
   1.16920543550014     
  0.624499163793053     
  3.133186683681544E-002
 -8.152512033102657E-002
 -0.102141804367258     
  0.371512830813914     
 -0.618410617201160     
 -0.162247095863493     
 -0.426238378955935     
 -0.530633058237068     
  0.110847210559364     
 -5.026630845610632E-002
 -0.231548877986080     
 -2.318210297792438E-002
  0.208585742976398     
  -2.07495304361057     
 -0.335607427589562     
 
   1.30707175942057     
  -1.31876740064150     
  -1.50002890331361     
   1.34480660203842     
 -0.955041106843128     
  0.877963273039738     
   1.21701195212485     
   1.27276091669097     
  0.549497372179121     
  0.539331613836516     
 -0.898766586216407     
  0.322627242227063     
 -0.710162637661348     
 -0.299351446722093     
  0.679981707856632     
  0.247013833105526     
 -0.719895182719230     
  0.313083543180276     
 -0.419857078723838     
  0.509279316856793     
   1.24174080065158     
 -0.826675778971846     
  0.643187405271812     
  -1.25425264182560     
 -0.598984803385305     
  -1.27158009689638     
   1.05959149256582     
   1.42590886500021     
   1.25570892696519     
  -1.09538405660974     
 
  -1.20154936801501     
  0.951990260796190     
   1.37216489251845     
   1.15695418664549     
  5.907640488394731E-002
 -0.493587816608895     
  0.699745654388354     
   1.21033356865444     
  0.229069035908897     
  0.645149111263598     
  -1.43878280167246     
  -1.41402981353319     
 -0.536447414179763     
 -0.269908686251077     
  -1.20314067006046     
   1.15387512036810     
  0.666475895975153     
 -0.702089199003291     
   1.18997249207430     
  -1.38821156591220     
   1.21842905804765     
   1.27764575876456     
  -1.20863298230813     
  0.549843161550807     
 -0.786098929219837     
   1.59635212933152     
   2.28905042461713     
 -0.931670676670794     
  -1.01999387000919     
  -1.92076640927192     
 
 -0.457788847722573     
 
  1.619599415469963E-006   1.17329243902006     
  1.619596792346023E-006  0.586646219510032     
  0.000000000000000E+000  0.344153786865412     
  2.623068429130626E-012  0.688307573730825     
  2.623068429130626E-012  0.688307573730825     
  2.623096184706242E-012  0.344153786865412     
  0.000000000000000E+000  0.201896517994655     
  0.000000000000000E+000  0.403793035989311     
  0.000000000000000E+000  0.403793035989311     
  0.000000000000000E+000  0.403793035989311     
  0.000000000000000E+000  0.403793035989311     
  0.000000000000000E+000  0.201896517994655     
 
  -6.86378479000000        66.9096074000000     
 
  tansig  tansig 
  12 - 30 - 30 -  1 
