   1.94249377794864     
 -0.739508740872762     
 -0.557328031659081     
 -0.425200425941561     
  0.472307775902831     
 -2.085174440648231E-002
  0.298005994694604     
  -1.25679101776843     
 -0.542684664561770     
  0.501647161716221     
 -0.252989871135801     
 -0.154959743354834     
   1.01149239124703     
 -0.218595452923635     
   2.03798606153108     
 -0.377166464658681     
  0.128342324595683     
  -2.38251425844958     
  -1.30993919004797     
  0.601434047566964     
  0.168642395939478     
 -0.230475395874477     
  -1.18605393209433     
  -1.36920326099151     
 -0.567810251571204     
 -0.424588392455998     
  8.177591574014391E-002
 -0.824737746950196     
  0.436574310078862     
   1.21714944299432     
 -0.764203624547070     
  -1.18266192420878     
  2.574516573038227E-002
  0.849131989005369     
 -0.156581210885512     
   1.43326158225445     
 -0.283298152097584     
 -0.124760790046140     
  0.652920147627850     
 -0.748879461384652     
  -1.01919474393690     
  -1.01933000251355     
  0.271240371205661     
 -0.534935914852342     
 -0.636102528012793     
 -1.514505480757722E-002
 -0.743333666154725     
  0.562612020676706     
 -0.355058227412946     
 -0.283745670941009     
  0.275134185533897     
  0.557831434464712     
  0.933395458093847     
  6.370525222271553E-002
 -0.889326839696356     
  6.666524673784892E-002
  4.903208936861134E-002
 -0.884933406931204     
  0.261180343799456     
  -1.26067567167700     
  -1.25189628015429     
 -0.960117525495600     
   1.04260638005285     
  0.505000988393429     
 -0.733251271788691     
 -0.197932597517269     
  0.487872931140336     
  0.325906406592884     
  0.352180820785401     
 -0.162945765819243     
  -1.45800587674311     
 -0.302851850222805     
  0.120264629581829     
  -1.31996821868993     
  0.960646184500502     
 -0.752583887204564     
  -1.02058736871278     
  -1.11830514973759     
   1.96965367224058     
   1.26724352312073     
 -0.875681418714488     
  0.628348742762449     
  -2.00445396532973     
 -0.446715568886694     
 -0.952712467817589     
  -1.67997019816032     
   1.44506334205157     
 -0.344110166482994     
  -1.89669846568525     
 -0.761038816333771     
  0.634072141861606     
   2.39403405994049     
 -0.717458307567186     
 -0.780170335188481     
  -2.19371672123174     
   1.04412468375641     
  0.846849140396855     
   1.34618615605869     
 -0.915766752558602     
  0.878505074260648     
  0.966508139520023     
  -1.01385426704433     
 -0.465872577142019     
 -0.673664197851822     
  6.092814721541954E-002
 -0.801283722865049     
 -0.797912539658997     
  0.460315149468057     
   1.12128758414202     
  -1.72408045257176     
  0.590383052169743     
  -1.04986386355609     
   1.74670654209758     
  0.936427873592937     
  -1.10632410137720     
  0.762784445114955     
  6.069510500654669E-003
 -0.234703705577732     
  -1.53356549397692     
   1.00138039130258     
 -0.558425563847797     
 -0.722317178079356     
  -3.29438458257288     
 -0.874726248529747     
   2.16071586141221     
 -0.370782490738641     
  -1.38525836218845     
  -1.40081703472952     
   1.06053670269560     
  0.734209230013420     
   3.46843283350492     
  7.679090365905927E-002
   1.52317405411613     
 -0.424114886559854     
   1.85176743764768     
  0.458565575295493     
  -1.67665125154171     
 -0.994666483672895     
   2.37743191642798     
  0.106153957267205     
 -0.377477746860172     
  0.307840234301658     
  -3.14467171195830     
 -0.140837647909039     
  -1.46983464149088     
  0.436517491167036     
  -2.01222371683560     
 -0.589323420410314     
  0.211294229551926     
   1.34949640532755     
 -0.722628409836332     
 -0.508767933617076     
  0.727615848476574     
  0.187202595878011     
   1.62960141645134     
 -0.103155873849650     
  0.489030545110388     
   1.34177289219443     
 -0.931465318033815     
  0.836008561458244     
   1.12839689453394     
 -0.298148331143981     
 -0.300051629325831     
  -1.08530567877359     
   3.14537622561160     
 -0.309189091770972     
 -0.945646600053137     
  -1.07905639018198     
 -0.232202506086243     
   1.22782072902872     
  -1.52644952056907     
  0.936851431081583     
 -0.870487014132294     
  2.675936133335971E-002
 -0.329248243191598     
  0.510770183316497     
  0.737451018059759     
  0.160027848179189     
   1.23226299143225     
  0.116531597700595     
 -0.196908658503725     
 -0.514273863571175     
   1.21042169819735     
  0.937293864358192     
  -1.60310053174788     
 -0.447728095542539     
  0.492885458956134     
   1.77555060484691     
  0.704784665855827     
  0.536077201269002     
  -2.33480248782471     
 -0.767909310783119     
   1.54954605650351     
 -0.560651594121934     
  -1.09949194442444     
 -0.100535520610214     
   2.02651214219929     
  -1.10794949908307     
  -2.52130771419935     
 -0.653825405210732     
   1.21499965993010     
  3.098156540844549E-002
  0.739458544480124     
 -0.124016122629335     
 -0.453906146638353     
  0.965946204883981     
  0.706954831642722     
  0.190300434917598     
  0.349201066055210     
 -0.267066314265156     
  0.648885037434943     
  0.988227727449322     
 -0.169008312212700     
  0.472926759823352     
  -1.39413939229447     
 -0.263472399387441     
   1.05051737414829     
 -0.783838527809250     
  -1.13262017655756     
 -0.613601923044919     
   2.74488061956492     
  -1.16922363353547     
 -0.830110403362572     
  4.557413504041620E-002
  0.428204795258832     
 -0.988613170056727     
   2.36298215913421     
  3.624592243506664E-002
 -0.417142899928593     
  -1.44796289073529     
  -2.36876424147426     
  0.328434851960976     
   1.32885938667171     
 -0.177479809887634     
  0.268618270460487     
  0.294981681484888     
  0.372818411734258     
 -0.119068018901605     
   1.27458814274449     
  -1.03211498168613     
 -0.589267427402222     
 -0.534132235881564     
 -0.321880233496469     
 -0.634662642355407     
   1.57947983644695     
 -0.979421905036332     
  -2.05680097849277     
  -1.54891045754689     
 -0.799145110849472     
  0.998378243645531     
   2.44769466507265     
 -2.994854584275480E-002
 -0.967031754571174     
 -0.873146082698019     
 -4.154641134856275E-002
 -0.246261324937486     
 -0.392088430816041     
 -0.366044457571092     
  -1.47385214926713     
  0.295353770458987     
 -0.228815097824536     
 -0.137450442592671     
   1.43856206508753     
 -0.541496731190682     
  0.443623600998194     
  0.353577837408198     
  0.331425288497978     
 -0.123720470475680     
 -0.154861568852802     
   1.21582820683118     
 -0.927641065762058     
 -0.872743939212983     
 -0.457953932050234     
  0.224078567488148     
  0.543612170484506     
   1.94347401238793     
 -0.966533538080151     
 -0.248909357646010     
 -4.255387100119524E-002
 -0.747341625208408     
  -1.15324527475033     
   1.14217908163507     
  0.802157178296008     
 -0.484760523704555     
 -0.225623811288989     
  0.352403275323187     
 -0.373774693831424     
 -0.941275346709787     
  -2.07799862700950     
  -1.48656931701185     
  0.426729634711586     
  -1.09744855635885     
  -1.00748277552953     
  3.233028071672280E-002
 -0.419737312406035     
 -0.615761682296523     
 -7.561082152589021E-003
  0.208669643436136     
  3.611381317609818E-002
   1.23926707565472     
  0.254201978966857     
  0.783743157600901     
 -2.810833092199288E-002
 -0.781743797126875     
   2.28690238031476     
   2.27647232326817     
  -1.36278035222578     
 -0.192620995628344     
 -7.035224589217155E-002
  -2.53286764074735     
  2.977399286338396E-002
   2.53146993291202     
 -0.359158184349907     
  0.193885214650220     
 -0.517254223710348     
  0.620327653470018     
  0.466922495394197     
  0.936113170869768     
  0.425493868885437     
 -9.775669443360642E-002
  -1.09676269887882     
  1.704279285381172E-002
  -1.42178969059353     
  0.838393534431933     
 -0.872946275775517     
  1.012955327094022E-002
 -0.601381540776675     
   1.22208202248163     
  -1.04839243290423     
 -0.758638108652856     
  -1.13201044248861     
 -0.775963717666850     
  0.568920047346292     
   1.54997899127792     
 -0.781945845936106     
  0.227207776892269     
 -0.667430789625358     
 -0.550902680782897     
  -2.18929103879116     
 -2.704924389246549E-002
  0.741088119644454     
 -0.257097560126918     
 -9.083011577157986E-002
  -1.69740628642096     
  0.287939393641170     
  0.204582865163908     
  0.213323710889065     
  0.561513343473924     
   1.19237382885647     
   1.13269117222450     
  -1.16337103402357     
   1.15960879977642     
  2.556563446943904E-002
  0.419207302653123     
  0.591367532640563     
 -0.659430465795990     
  -1.46921519657011     
  0.319500042690139     
   1.26930865284143     
  0.435074261494616     
 
  -1.98066669846187     
  -3.86677623372169     
   2.12632129390331     
   1.56315952259114     
   2.17475059358665     
   1.54058159435292     
 -0.935246451208439     
 -0.435312257439496     
  -1.65060749114577     
 -0.722327851034447     
   1.03603703259458     
  -1.01936320381297     
  0.455581351385896     
 -0.198559422787691     
  0.482341298385917     
  0.746982327284534     
 -0.154746655830114     
 -0.336205422756249     
  9.541170816156736E-003
 -0.740334457617914     
 -0.482255180282729     
  -1.18821304941103     
  -1.97043049626145     
  -1.05827684585793     
  -1.94503112362778     
  -2.77587773230240     
  -2.49968101101034     
  -1.69655687721722     
  -1.62495750909778     
   2.01740890753630     
 
  0.234809497676689     
  0.282695750255400     
 -9.482698302652015E-002
 -0.546243286760754     
  0.368726085644530     
  0.150035944061870     
  0.261825192049935     
 -0.553525094780101     
  0.436396282711543     
  6.674955840057745E-003
  0.525765780530758     
  0.205888010358136     
 -0.476202094921543     
 -0.162378547149199     
  0.153066289269286     
  0.381723154577198     
 -0.760926759081157     
  0.409747960217052     
 -0.152876664690553     
  0.111744408354449     
  3.246678081565646E-002
 -0.204397553685102     
  0.511729024661936     
  0.670193893023754     
  8.540444319384759E-002
  0.671679713668952     
  2.157281053198338E-002
 -2.879350639807247E-002
  0.145604503558175     
  8.550753144892769E-004
  0.565144843307294     
 -1.781204228532872E-002
 -0.330057235307863     
 -0.111210893591660     
 -0.987109044039614     
  0.227785123521767     
  0.111730085382476     
 -0.857110508217470     
 -0.544351481880050     
  4.023641132480363E-002
  0.246565144450144     
 -0.408652285063824     
 -0.536955210071587     
 -9.899498807451537E-002
  0.228832072724394     
  -1.18532166431827     
 -0.859369597935444     
 -0.456315210105603     
  4.593663602165099E-002
 -0.414595603340131     
 -0.772935876156295     
 -8.468169511201694E-002
 -0.367164278466611     
 -0.540849418476766     
  0.495327482127087     
  0.344414774952773     
 -0.490505655893088     
 -0.137058358717841     
  0.304304274837503     
  2.108966463410927E-002
  2.915742760366346E-002
  0.237873498948708     
 -0.124069136018723     
  0.489371752034053     
 -0.298459430503540     
  0.201651904460512     
   1.15034755781845     
 -2.179782270046784E-002
 -0.424857406093903     
 -6.613363295156349E-002
  0.530020295963382     
  0.557408265905930     
 -0.121821832964081     
  0.956568092462588     
 -0.413016388698142     
  0.458414159512663     
  0.204440043822990     
 -0.537806118426741     
 -0.748106224180685     
  0.301611071656262     
  0.838231006602454     
 -0.223385763846347     
  0.735079904596060     
  -1.04601416067769     
  0.551182095260071     
 -0.113890111853986     
  0.457244116678649     
 -0.280656772698135     
 -0.378859770804573     
  0.269117352318114     
  0.116600080256337     
  3.209064727207071E-002
 -0.326276586313948     
 -6.069470508346899E-002
 -0.723323184280807     
  0.160237425657571     
  3.450447952458677E-002
   1.14142095436111     
  0.850215838926981     
 -0.626220615859232     
  0.897726655727602     
   1.09861480500005     
  0.575930550399322     
 -6.532289973543663E-002
  0.229081389224312     
  0.278683472340167     
  -1.38638906230622     
  0.382826894929379     
  0.412440221409003     
 -0.330757253998078     
   1.23887908372492     
 -1.974463691410828E-002
  0.333843647357106     
  -1.16982287102518     
 -0.620974219037914     
  -1.23303585986257     
  3.558795169913083E-002
 -0.166275944938597     
 -0.767945536105430     
 -0.524609871991848     
   1.01322626336934     
 -2.097267675911813E-002
  0.252231474916227     
  0.686800510226702     
 -2.196635222972200E-002
  0.468123621425273     
  0.666532443386978     
 -0.652995503094741     
  0.193235101972880     
  1.393373412880360E-002
   1.02648215476458     
 -0.656215574382151     
 -0.637448830361784     
 -0.502472989511349     
 -0.259573625379307     
  0.386851164818656     
 -0.429402791651226     
 -0.220620825540825     
  6.196691220896861E-002
  0.495460095574297     
 -0.460653726226338     
  0.593453537303713     
 -0.516762143376033     
  0.336692333293842     
 -0.449298462572469     
 -0.479971089138236     
 -0.148149286631645     
  0.844828791819344     
 -0.837560361601096     
  0.449095071421388     
  0.130175797643403     
 -9.370898527138043E-002
 -0.475547154187925     
 -0.355034399523486     
  0.160544146260672     
 -0.279107716771247     
  0.444367071873723     
  0.475900986913457     
  0.468687855484419     
  0.188230663438950     
 -1.506711570339542E-002
 -0.199622326893561     
 -0.181328084776498     
 -0.226884616828833     
 -0.348480022600512     
  0.125267058039960     
 -0.351413117180186     
 -0.893633172823688     
  0.350544607167156     
 -0.789325713270370     
  9.506329824300656E-002
 -0.444395180702296     
 -0.194776767672672     
  0.952401243730415     
 -0.908580224750353     
  0.206758728584398     
 -0.697263646258213     
  -1.06686290912889     
 -0.188296283652191     
 -8.414070013909855E-002
 -0.284282414948683     
 -0.200501626248596     
 -0.139929268729267     
 -0.204563750260006     
 -0.136923610778620     
 -0.635046389466050     
  0.234062992503339     
  2.332633158159487E-002
 -0.806799305593492     
 -0.223871717396621     
  0.172638016006903     
   1.57426522029901     
  0.637335547949460     
 -0.161844133354398     
 -0.392445734825516     
  0.571008615077366     
 -4.693905953695551E-002
 -0.247674332920123     
 -0.775765508380294     
  0.129970608206173     
  0.533188949055862     
  0.526281247880488     
  0.710235584079946     
 -9.504808772509209E-002
 -0.230402222775784     
 -0.973862623379649     
 -0.531952914975889     
  0.302927999989296     
 -3.456404877712339E-003
   1.20079391142436     
  0.440333156116197     
 -0.436226180610824     
 -0.229162748905323     
 -0.248645223263592     
 -0.146423856294135     
   1.04857603677598     
 -0.379815423143838     
 -5.757519393352921E-002
  0.769426647116652     
 -0.349090862082071     
  0.243075697943932     
 -0.405874735526252     
 -0.231304692746742     
  4.358596510383635E-002
   1.12178983081551     
 -8.048419779986105E-002
 -5.440312496359500E-002
  0.440679738617700     
  0.468349043996725     
  -1.19508044606558     
   1.39075039883866     
  0.863588212613047     
  0.997141775247373     
 -0.455928818687570     
 -0.148573876557415     
 -0.626251457006158     
  0.794089268156558     
 -0.287578329491685     
  0.348577215481675     
 -7.283879879591408E-002
  0.491428557504169     
  8.922188787114629E-002
  0.485804143889374     
 -0.750686427549546     
 -0.314084034105938     
 -0.284926994654967     
  0.106255801988617     
  0.198541383680908     
  0.515969119652637     
 -8.967073458259534E-003
  0.613161521928645     
  2.800754512784355E-002
  0.488339040987702     
  0.161257028963290     
  0.180247095606022     
 -0.301603467187247     
  0.234951279232324     
  0.596793293912044     
  0.747043126003696     
  0.268917652045449     
 -0.104676318327094     
  0.447413965931802     
  0.346497297716109     
 -0.282857757978636     
 -0.628355672674756     
 -2.860822346006018E-003
  0.360026823208473     
  0.747152442795366     
  0.585401547773565     
 -7.544394024052714E-002
  0.525251914062504     
 -1.214507635441202E-002
  0.231618158120425     
  0.141971725173522     
  4.734123974840618E-002
 -0.406743966051818     
 -3.107835634003474E-002
  0.842727848747518     
 -3.508201118760373E-002
 -0.705019807786671     
  0.381777345353609     
   1.01395340085343     
  0.235446489184946     
  0.217551696109634     
  -1.27201005796489     
  -1.39107462272339     
  0.229163246812252     
 -0.355391192213228     
  0.325320506164546     
 -0.838255225446190     
 -0.369401053788619     
 -0.253832218398998     
  0.226070596537582     
 -0.142827472017236     
 -6.656834416593456E-002
  -1.26875924558622     
   1.09889836529511     
  0.178935755049236     
  0.747560843509128     
  0.514739818589117     
  0.671575722977451     
  0.260135267527589     
 -0.368394442552075     
  8.569845080917414E-002
 -0.303259742047680     
 -0.340770836765119     
  0.362149995435506     
  2.731777476614651E-002
  0.531474362046384     
  0.269868400719902     
  0.877891463114086     
 -0.337316893817612     
  2.865371287470764E-003
   1.02047358850851     
  -1.03031252055637     
  0.223668010537073     
  2.510611882198425E-002
 -0.261997696760232     
  0.219498525865641     
  0.727000314479547     
 -0.302498207189945     
 -0.750024824663145     
 -0.286372212021776     
  6.261730988282543E-002
 -0.452701884252108     
  0.224399230914561     
 -0.182101478911986     
  0.249532458182384     
  0.270170742583614     
  0.266246135677935     
  9.123403337461443E-002
  0.245042002581434     
 -0.590381928514316     
  0.151207291707429     
  0.170311327570224     
  -1.21715972783851     
  0.619836377455853     
 -0.178182004975604     
 -9.227598483734739E-002
 -0.291199603486487     
  0.750676294918586     
 -2.250928924031605E-003
 -8.055162164017410E-002
 -0.746725568288725     
  0.214912434061870     
  -1.64286872997185     
  0.965885320747506     
  0.377089255571311     
 -0.412123489007662     
 -0.325736039637305     
  -1.30324866398683     
  0.272448078474647     
 -0.493021531838186     
  9.928079057705898E-003
 -0.192627511359124     
  0.559537520724233     
  -1.27817840139271     
 -0.272867920325648     
 -0.913817188907910     
  0.763672894384124     
 -0.410061317570404     
  0.160258237463887     
  9.160132584176496E-002
 -0.239565274327044     
 -0.410369414983847     
  0.328136451130721     
 -0.317170902212786     
  0.127526059282525     
  0.468500746699684     
 -5.678969277398345E-003
   1.08605808172370     
  0.383888773395695     
  0.183685720125583     
 -0.329108519494413     
  0.837563960623484     
  0.240338843154945     
 -0.934824597249903     
  0.469162995407669     
 -0.166752974366624     
   1.06242023231042     
 -9.284290227734127E-002
 -0.212701452520274     
 -0.508740118085719     
 -6.767355500207685E-002
 -0.369272772146627     
 -0.394853098275471     
  -1.15164026831294     
  0.320381761154762     
  0.522077130069411     
 -0.546484608050336     
 -9.624628200151032E-002
  5.445865481882331E-002
  6.295174609970808E-002
  0.353670324710048     
  0.348691212322444     
  6.879380076312633E-002
 -0.410686418895253     
  -1.19080123199030     
  0.241024024931617     
 -0.476908190546681     
 -0.559440242036913     
 -0.177302142349378     
 -8.968484374514171E-002
 -0.450062450246989     
  0.598154080875216     
 -0.886269580358907     
 -9.117172768673158E-002
 -0.170342969387335     
  0.102815115994475     
  -1.09359768861729     
  0.264994560866737     
  0.168051328274962     
 -0.318687127658092     
 -1.479434884251598E-002
 -6.641111184145328E-002
  0.198988048367121     
 -0.395330459363761     
 -0.716593651459986     
  0.195244730778115     
 -3.123989716217720E-003
 -0.843726042813204     
 -0.298327291895829     
  0.335269026857552     
 -0.363862354718590     
 -4.796971675811933E-002
   1.20718331850272     
 -0.656511292701766     
 -0.209081733494255     
 -0.926032601781238     
  9.254585551098006E-002
 -0.120142586365648     
 -0.202894264652669     
  0.537998364371884     
 -0.163011780441172     
   1.20089274246440     
  2.005386901562490E-002
 -0.612113236823471     
 -0.775090312429816     
  0.762281236627254     
 -9.664927747641254E-002
 -0.203273298354811     
  0.412384326212804     
 -0.292502296233705     
  0.447535346404372     
 -0.643602838723288     
  0.560121817579110     
  0.153343502007059     
 -0.243399606700376     
  0.403673939160655     
  0.120961284582405     
  0.183053653959159     
 -0.166458036876552     
  0.550427871405797     
  2.736541784446480E-002
  0.778681607740165     
  -1.48060647068937     
 -0.198816730873783     
 -0.463592549085444     
  0.416457713949482     
   1.25798751216948     
 -0.306158206721152     
 -0.833985964660853     
  0.446694927439360     
  9.635526771680000E-003
  0.739132152979688     
 -0.308730856216553     
  0.134001241897195     
 -0.708734345004630     
 -7.898482283538783E-003
  -1.03698126438975     
   1.56136675687643     
   1.17326183136855     
  0.146636004193503     
 -0.405203739924726     
  0.117173888063581     
  -1.08380451909405     
  0.394030279986269     
  -1.10070133311977     
   1.19855611341516     
 -0.508806949174193     
  0.436260241757150     
 -0.287454267532758     
 -0.512086394197180     
 -9.735419640563725E-002
 -0.249668775089214     
  5.530246273819133E-002
  -1.31325881509748     
 -0.743239765207510     
 -0.270756092252085     
  -1.25616641827025     
   1.07501188279228     
 -0.603803660350406     
  0.544419329614405     
 -0.192672627962979     
  0.506476967456926     
  0.758150605476471     
 -0.517637780632112     
 -0.423047703740958     
  0.456269999482868     
 -0.650837419726497     
 -0.530970195872998     
   2.11806552875456     
   1.67283288637282     
 -0.974751825145585     
 -0.233120246576762     
  -2.03557794029977     
  0.120046220751053     
 -0.600174623356010     
  0.229396013123229     
  -1.08956921128749     
  0.278393438306434     
 -0.455267130471977     
 -0.248325403338559     
 -0.678673909375622     
 -4.265867734045302E-002
 -0.394180928137635     
  0.770563040134334     
  0.449039729272249     
  0.731994990557171     
 -0.352977227493776     
 -0.817841323024007     
 -0.223123176902680     
 -0.626703113041381     
  -1.38305787406211     
 -0.306474452026581     
  -1.13187372217033     
  0.375811638068597     
 -4.793395791829237E-002
  0.164802327687680     
 -0.249861636405893     
 -0.680744387915422     
  0.473694583431967     
 -0.913169470108159     
 -0.613691012424572     
 -8.396998783998821E-002
  0.327777895107378     
  0.322954850104052     
  0.256901290549479     
 -0.300213052342458     
   1.22043000141407     
 -0.619534315009902     
  0.114083135740676     
  0.975414753955803     
 -8.172781808860771E-002
 -0.575303230951033     
  0.200433120240148     
  0.342605111854014     
 -0.706767102739365     
 -0.983727795444846     
  0.860401462958153     
  0.615446228117893     
  0.810390446229819     
  7.997685729788782E-002
  0.939777109233851     
  0.964233564373171     
 -0.694855750446046     
  0.671055495724741     
  3.854823630689772E-002
 -0.219299173458462     
  0.358500562649750     
  0.108761692853958     
 -4.042975542032332E-002
 -0.417077025857478     
  1.311526900502264E-002
  0.195447427064141     
  0.138103058017339     
  1.917755722342520E-002
  0.475821209720868     
  0.126070370352209     
  0.345207209430990     
 -0.721179625613292     
  -1.92912661051736     
  0.182737739880293     
  7.953227476726334E-002
  0.133223059904097     
 -0.821185357192425     
   2.39997489748373     
   1.74918695737003     
 -0.179001627642569     
 -0.715846739616753     
  -2.34530026076156     
   1.32723972161220     
  -1.91742194829511     
   1.35099436830136     
   1.22401650029541     
  -2.30090308046133     
   1.01851639509759     
  -1.28146625742839     
 -0.582376773446161     
 -0.595589094736832     
 -0.221778484161429     
  -1.29104392201798     
  4.600669315696573E-002
   1.74917642318310     
 -7.770560868333846E-002
  0.882709775243428     
  -1.24270192589534     
  0.963132774315904     
 -0.967844533524728     
 -0.853774859104549     
  0.459548485021059     
 -0.297468142024366     
 -0.182385674173422     
  0.351009885785290     
 -0.612233200663174     
  0.183086350187500     
  8.848293328647716E-002
 -0.369222854530801     
  0.320404166171085     
 -0.162970364583971     
  0.436020215175830     
  0.102385554843349     
 -0.360327614253477     
  0.496403248606760     
 -0.703394793451549     
  0.254265233056818     
 -0.903370478576850     
  0.312733820024800     
  0.644428160509422     
  0.365357935666450     
 -0.384746013592111     
  0.222038932740609     
  4.570042865320931E-002
 -0.119953762201440     
  0.345751915411527     
 -0.291700603251994     
 -0.632368212630735     
  0.181857289837976     
  0.734221350049960     
  0.671757806554528     
 -0.196301642214428     
  6.041872130338190E-002
  0.288633906597432     
 -0.204029435268867     
 -0.181927277765765     
 -0.878008814746672     
  0.165093658224623     
 -0.239011861471015     
  0.578829302213103     
  9.192712766251393E-002
  0.103675184032025     
 -0.984385737454264     
 -0.185479085765580     
 -0.631443878321033     
 -0.156008492594961     
   1.01401307752029     
  9.768124253927357E-002
  0.757310723230991     
 -0.234781292533163     
  0.934509315281541     
  0.782041154041658     
 -0.283637297299355     
 -0.309025135643914     
 -0.918725714878914     
  0.473196058069012     
  0.170893521178446     
  0.237344015192068     
 -0.201239090601283     
 -0.336995076449971     
 -0.195161768192473     
  0.110210364541280     
   1.69672465304352     
 -0.325933413144608     
 -6.881530638590000E-002
 -0.202938203750442     
  0.382176696171197     
 -0.835275216908312     
  -1.36484375109781     
 -0.345317799242025     
  0.843682892348709     
  0.577114778430416     
  -1.18845621888431     
  0.726967914824564     
  0.683699545785925     
  0.452602716606670     
  9.551557974824502E-002
 -0.796946152250337     
 -0.120779666172117     
  0.453409620808717     
  0.292298599137166     
   1.34378618347957     
   1.12877100789595     
  0.618776609270210     
 -0.689914452590678     
  0.424831450792315     
 -0.434926670922469     
 -0.958876907427910     
  -1.07236153985232     
   1.03989509654284     
  0.900330965236463     
 -0.624634789194074     
  0.157548582164814     
 -0.108304044428799     
  0.228957088003078     
 -0.315253879626460     
 -0.446350845943869     
 -0.163158720615409     
  -1.54821507150438     
  0.283443841911431     
 -2.491650270136524E-002
 -0.354720028084090     
 -0.176081319909092     
  0.934290310241933     
  0.587387370906954     
 -0.651480851239970     
 -0.120327090466340     
 -0.502030226578973     
 -0.629729695073118     
 -0.223444045412280     
  0.414475240901491     
  0.236078967785856     
 -7.899443610541074E-002
 -0.155092918018114     
   1.14757745982968     
  0.569657319650159     
  0.303844220246213     
  0.214216412701268     
  0.504755202239815     
  9.723854537213712E-002
 -0.530649997445595     
  0.286425556860535     
  0.184667730338376     
   1.18547074737606     
 -0.424523693322813     
 -0.753614388734701     
  5.362893203956635E-002
  0.593381256616818     
  -1.52151806928331     
 -0.110241062890518     
  0.219846915802605     
  0.192072861071498     
 -0.838741893449256     
 -1.144250945586530E-003
 -0.551232352811873     
  0.115417754954230     
 -0.672407482492544     
  0.643361021957217     
  9.387623287338039E-002
 -0.425574091103913     
 -0.149692682055921     
  1.134010653733544E-002
 -8.108266923344321E-002
  0.317416524625669     
  0.846091700790734     
  0.341944064796890     
 -0.654692065461608     
 -0.253941785427247     
 -0.558698214759304     
  0.275252853093601     
 -0.809402920213717     
 -0.326360985977325     
  0.472066932227867     
 -0.245446706969499     
 -0.370089282034213     
 -0.170625796431357     
 -0.515800097420574     
  8.272869035968103E-002
 -5.374016872294547E-002
  0.335215627101803     
  0.648374257375834     
  0.172375816974839     
 -0.223273165260410     
  0.337819847383679     
 -0.142200313805144     
  0.429201637879862     
 -9.144772059367431E-002
  0.573389105224939     
  6.105459315251264E-002
 -0.670983474306658     
 -0.901619300298206     
  0.375497793101488     
  7.216712840331523E-002
 -0.768210200743870     
 -0.212822062369760     
  0.153759974748448     
  0.457496603559268     
  1.525138790869752E-002
 -0.203961497258197     
 -0.703166279857099     
 -0.284461315463674     
 -9.670089260059886E-002
  4.279470853970704E-002
  0.534804031325298     
  0.481400792639673     
 -0.939445250471258     
  0.945549621414119     
 -0.565584430044296     
  0.409334931485014     
  -1.06397163395189     
  0.620782959503480     
 -0.315446975143071     
 -7.126208100157257E-003
 -5.567482651841617E-002
  8.285432033370169E-002
 -0.704888763654020     
 -0.955282477120599     
 -0.100027989826156     
  0.287570988203563     
  0.343368144543587     
  0.107281369483194     
 -0.223764160630771     
 -0.192310442810888     
   1.33594434442458     
  0.235601512222882     
 -0.319155222198703     
 -0.375695603021555     
  0.799379442125727     
  -1.10211240164725     
 -0.833348338703332     
  2.831754665684983E-002
  0.253386948597519     
 -0.525982162042597     
  0.172205055799640     
 -0.139654037691684     
 -0.145997601895682     
  0.192573804743213     
 -0.129519988917292     
  0.656483711617656     
 -1.502665543418383E-002
 -5.632358393483816E-002
 -0.306235820047246     
  0.661548624258374     
  0.171909531593509     
 -0.658524723253008     
  2.227876202608960E-002
  0.149538584674303     
 -1.061465189262998E-003
 -9.517165854541691E-002
 -0.569681077760999     
  0.322454963774759     
  0.246023909903380     
  0.325743325704867     
 -6.987857151689447E-002
  5.891228877252944E-002
 -0.699660503527361     
  0.141631576845085     
 -0.849573335422507     
 -0.480538955595340     
  0.215881037249971     
 -0.333471650142696     
  0.214198298343530     
  0.191810978005667     
 -0.117362814184267     
 -8.650127825879995E-002
 -8.416696263224806E-002
  0.317918595040411     
  0.937825730442384     
  0.638101383884648     
  9.714700847722800E-002
  0.410750259722618     
 -0.198778970614157     
  0.438188740708078     
 -0.749336491156444     
 -0.152894863807327     
 -0.616233995151517     
 -5.965757865601587E-002
  9.463561235250148E-002
 -2.178996158784380E-002
 -0.453829018721077     
  0.685766996591447     
  -1.69019718352065     
  -1.24016105626164     
  -1.44384113961465     
  0.139477205334943     
  0.272757484984868     
   1.86135114584409     
 -0.754423381572044     
   1.28438046474040     
 -0.666089177490368     
  0.545290715359668     
  0.799261903733371     
  0.302056378440706     
  0.189970586267839     
  0.411596017523208     
  0.238191919954873     
 -0.897611637379228     
 -0.362423065399254     
 -0.106347513069312     
 -0.545845132404244     
 -0.599117128771216     
 -1.998366396869512E-002
  -1.00632502589086     
 -0.315450371986117     
 -0.726856307284403     
  0.484307190955484     
 -0.111408950222507     
  0.605467467630400     
 -0.306453313400859     
 -0.215697938425618     
  8.723383673974180E-002
  0.468589162134860     
 -9.304735600640747E-002
 -0.347168042098769     
 -0.196036163575020     
 -0.207519595392439     
  0.156077038016637     
  0.112228164378821     
 -0.468595283786450     
 -0.532571191867640     
  0.100031685986244     
 
  -1.59460337139836     
  -1.83187133541496     
  -1.76797240346494     
   1.07563759572586     
  -1.45783383789099     
  0.879775981297970     
   1.33466593672342     
  0.683691911294011     
 -0.670793846530670     
 -0.689490601324139     
 -0.669046278392179     
  2.440814979740069E-002
 -0.155593610159790     
  0.304468675594655     
 -6.752753038887433E-003
  0.121868086159906     
 -0.223619995171556     
  0.254493107531423     
  0.228405313185073     
 -0.356449812064934     
   1.01769110518623     
 -0.830307110101082     
   1.08423600429913     
  -1.03747347087774     
  -1.21763119014349     
 -0.907802098297352     
  -1.14456804691552     
   1.21532988424733     
  0.966157299583147     
  -1.85641879117533     
 
 -0.658921756793605     
   1.59759287626782     
   2.12580025616013     
  0.299754905305062     
  0.306935662318470     
   1.11702202406595     
  0.856094083466062     
  -1.10296206119031     
  0.578222440449545     
  0.316721697740222     
  -1.17411051922290     
 -0.807838093186285     
  0.485040401713417     
  0.818256334688677     
   2.09933050033458     
  -1.50060147009379     
 -0.911185025132049     
  0.436860967921770     
  0.700958705551755     
  0.412756041323572     
  -1.44712627290900     
   1.26066464479180     
  0.709991884888074     
  0.330006660356293     
 -0.330381990619176     
  -1.53000316396408     
 -0.204701375251502     
 -0.985690493933427     
  -1.44427032359080     
   1.04229016053643     
 
  0.386540607844330     
 
  1.619599415469963E-006   1.17329243902006     
  1.619596792346023E-006  0.586646219510032     
  0.000000000000000E+000  0.344153786865412     
  2.623068429130626E-012  0.688307573730825     
  2.623068429130626E-012  0.688307573730825     
  2.623096184706242E-012  0.344153786865412     
  0.000000000000000E+000  0.201896517994655     
  0.000000000000000E+000  0.403793035989311     
  0.000000000000000E+000  0.403793035989311     
  0.000000000000000E+000  0.403793035989311     
  0.000000000000000E+000  0.403793035989311     
  0.000000000000000E+000  0.201896517994655     
 
  -6.86378479000000        66.9096074000000     
 
  tansig  tansig 
  12 - 30 - 30 -  1 
