  0.616610293675131     
 -0.222080486841137     
  0.345165524969279     
  0.586083560059913     
  0.841530157549775     
 -0.946249546401070     
   1.06003368613247     
 -0.786752896716273     
 -0.687053746781470     
  -1.08096067034753     
  0.683341639063873     
 -9.717391748061813E-002
   1.36298218675315     
  0.570258876980526     
   1.78427099934074     
 -5.817372688565092E-002
  0.800583637759923     
 -0.561408269030447     
 -0.724325483549522     
 -1.242328264406677E-003
  8.296932780999595E-002
 -0.760286821413125     
 -0.488613034766837     
   1.63633346674011     
  0.104041786942814     
   1.54337883187888     
 -0.247916696634497     
 -0.414503501276035     
 -0.533578754108032     
 -0.191185735321839     
  2.724911008164774E-002
 -0.859151779889797     
  1.642081765598264E-002
   1.20721538007298     
 -0.928748488220703     
  -1.05806604671776     
  -2.48042186423494     
  -1.05897291605114     
   1.76267529487183     
   2.33055819980955     
  -1.03557262910095     
  -2.55761273473087     
   1.28401305222690     
  0.475288355119344     
   1.01415371038935     
  0.446325222007256     
 -0.894521282412931     
  -3.02515977692380     
  -1.67568565366114     
 -0.697901177660925     
   1.14272489430185     
 -0.819912643288242     
  -1.07861372003787     
 -0.285354751590926     
   2.12087496955051     
  0.407525065331643     
  0.427671769737382     
  0.494930290748346     
 -0.865798137975054     
  -1.35574362068035     
 -0.564438034535073     
  0.461382788600956     
 -9.978621768981369E-002
 -1.242861720398586E-002
 -0.513154374793066     
  0.506918654618372     
  -1.54756898354123     
   1.41169757687738     
  0.437954328169538     
  2.278904236667761E-002
   2.52721882727186     
  -1.78386639022649     
   2.42650293897783     
 -0.505396447513504     
  0.515340308803891     
  0.225370487234987     
  -1.21900626530135     
 -0.296051026895515     
   1.10478060895829     
 -0.478714593973509     
  0.509686574159800     
  0.358277698361275     
  -1.41920776463135     
  8.596574246605239E-002
  -1.31128945577812     
 -0.685572118703072     
   1.04194582629232     
 -0.566640335028711     
 -0.448362538642223     
 -0.727519834904379     
   1.24190766169996     
   1.16106720077694     
  -1.67682901543482     
 -0.896461745432575     
 -0.624432372982510     
 -0.293526167926977     
   1.08339358102307     
  -3.01288735100903     
 -2.803592573513962E-002
 -0.151985579523751     
  0.257232271258624     
 -9.018268700616569E-002
  -1.14831972866430     
   1.04660815496231     
 -0.863590031289055     
  0.221897095561361     
   1.34056663158893     
  9.111944748274685E-002
  0.612843283491291     
 -0.221536368567770     
  0.112877673920028     
  0.272699813419175     
  0.787385607014544     
 -7.128932745563024E-002
  -1.11635574823576     
  -1.11732876397385     
 -0.253342872572633     
  0.436603045190028     
   1.31566607629605     
  0.942810042401030     
  0.589224737174055     
 -0.534563444086691     
  -1.45897455091680     
 -0.908295516243020     
  0.357537063660151     
  0.880224677260201     
  -1.02248606264925     
 -0.356003108266114     
  0.355030831180471     
  0.959854292007415     
  9.628735571013600E-002
 -0.435081044018536     
  -1.10487652640823     
  0.886884376488884     
  -1.48251884103715     
  0.449601353300988     
 -5.527326750852792E-002
  0.827066398668336     
  0.698060413922687     
  -2.18265989748651     
  3.733049415078255E-002
  0.225494090879665     
 -0.858503489682977     
  -1.11835906613661     
  0.103161034423972     
 -7.215126633253884E-003
   1.81270837305150     
 -0.155159855084670     
  0.224373505829868     
  -1.93066865328832     
   1.20784313341626     
   1.76834563150605     
  0.282816635515500     
 -0.107891196237600     
 -0.642732873519177     
  -1.69741599161101     
 -0.194333307616192     
  7.605010194020950E-002
  -1.09129075237817     
 -9.359881097081710E-002
   1.34763039127725     
   2.26543793584189     
 -0.345768073652962     
 -0.172785368151779     
  -1.03019005207976     
  0.191673609826336     
  0.242095129993157     
 -0.297227609789095     
  0.307627517370523     
  0.287102795015739     
  0.702576453631203     
  0.823499564060256     
 -9.189517487879392E-002
   1.22995049044579     
  0.913083983726226     
   1.44727378609453     
 -0.679211312022497     
 -8.772547793785827E-002
  -3.18032385463934     
 -0.143321608234158     
 -0.869780589613144     
 -0.944503989281137     
  -2.74492410751601     
 -0.665177600070276     
   2.18675829463309     
  0.529397462119858     
  -4.03102318348020     
  -1.41198230929618     
  0.171157552458293     
 -0.913779136627603     
   5.62301813881930     
   1.83446976619503     
 -0.542249996876342     
   2.92785046435969     
 -4.636281656487671E-002
   1.93660022730129     
  -1.00586679391501     
 -0.452991024561107     
   1.47545641798405     
  7.527979861515241E-002
 -0.430335149136787     
 -0.230370219085133     
  -1.82970491632755     
  -1.73692174215680     
   1.45978164324264     
  0.303473677501164     
  -1.73552806381802     
 -0.347880554985250     
   1.23627396515273     
 -0.449515232660264     
  9.445215445420176E-002
  -1.10490207644569     
  0.473811586756052     
 -0.819122564856150     
   2.84596439842488     
  0.439985267168117     
  0.905524107361427     
   1.55611580552443     
   1.40350404979566     
  0.295988472090696     
  0.820701993228062     
  0.641846229131869     
 -0.115819377999538     
 -2.077186826422356E-002
  0.467858074770637     
 -0.883800867140473     
 -7.610000431705775E-002
  -1.21929886171463     
   1.63373054468354     
   1.35630265335897     
  -4.62148586028051     
  -1.47585117007401     
  0.157952398290202     
 -0.826757989022120     
  -3.25862647228542     
  -3.46866581144210     
   2.05955016955559     
  0.893650783433599     
   7.41913644621996     
  0.397699935668400     
   1.63687787486024     
  0.204533657875752     
  -1.81937808564979     
   1.02369291994518     
 -0.423171532958508     
   1.30731265330625     
  0.252529803959858     
   1.21258472664235     
 -0.435672251878889     
   1.49570505476790     
  -2.49710026957501     
  0.587383829095939     
  -1.12098844326277     
   1.87005911969431     
 -0.419343753020734     
  -1.69862396701087     
 -0.713408015612536     
  0.393789591728078     
  0.175576823551574     
   1.03814764913333     
  0.559189414082945     
 -0.389228279971098     
  0.326894925207671     
  0.491936274161487     
   3.13120869768534     
  0.198116511733682     
  -1.56909715573901     
 -0.242754186872422     
   3.03031944907877     
  0.144930998487771     
 -0.172496062529305     
  -2.53259008047383     
  -1.57759570208892     
  0.684122498937445     
   1.63210797483801     
   1.47387722235489     
 -0.868861860159702     
 -0.486349846377347     
 -0.252512107153764     
  0.644021661253289     
  -2.04228152115928     
  0.479233291932456     
  0.699128783487404     
   1.52336488449718     
 -0.914394840116766     
  7.342582901526548E-002
  -1.54673430041466     
  0.585601286533992     
  -1.04127381039375     
  0.556639499031247     
  0.257719685040903     
  0.515158470116259     
  0.848689950978985     
  0.849114757848672     
  -1.26777494789331     
 -0.167013309640629     
  0.424496521773502     
 -0.224140252765510     
 -0.288444136551560     
   1.97548220607485     
  0.195103095899724     
  0.794061547186216     
  3.185388280476938E-002
  0.601748092404798     
  -1.87264191917130     
  0.260935573942691     
   1.30384632432276     
   1.27731990189270     
  0.110639510022597     
  0.991383936843714     
  -2.18198645841473     
 -0.747704308631177     
   8.91172950394240     
   5.80629577658497     
  -1.55719703406069     
  -1.12789329700155     
  -2.00582817223654     
  0.613293540488073     
 -0.936880132178460     
  -1.65280406523576     
  -2.58087338983833     
 -0.771468550943851     
  -1.20924781261947     
  -1.44987865087058     
  -1.27596481635569     
  1.594136802698979E-002
  0.996302978392042     
  0.799886065073313     
  -1.75646515763496     
  0.319125277941644     
   1.15752482072456     
  5.512243897167197E-002
 -0.168001224715775     
 -0.507216371786568     
  -1.81487996080314     
  -1.74489911991654     
  0.413711850920986     
  -1.68678911978408     
   3.10253991133100     
 -0.390456421664158     
 -8.858488664193047E-002
  -1.06721427758768     
  -1.24284537303112     
   2.36184857822354     
  -1.62195343751688     
 -0.344102579172900     
 -0.586054718170815     
 -0.171767767793317     
  0.348264914726840     
  0.392155686759362     
 -0.446475808873098     
  5.417461327676504E-002
 -0.985470624226377     
 -0.846676393588571     
 -0.286467480294885     
 -0.627607560414832     
  0.438151974212238     
 -0.521339693861938     
 -0.506005472603698     
  0.819997190149729     
 
  -1.51775558691770     
   2.28572342073073     
  -2.01624898042553     
 -0.656768007078550     
   2.53966866681334     
   1.43096577206695     
 -0.228020990051696     
  0.424587689959919     
  -1.23847896612974     
  -1.22421286290887     
 -0.872611452300106     
  0.712573346314352     
   1.20886860665601     
  0.683921997847662     
 -0.490990536221736     
  0.292257525953810     
  0.274918624135038     
  0.440413521412300     
  0.679864376816469     
  0.795035467515026     
   1.39479043440376     
  -1.64105869237898     
  0.617182618456518     
  -1.52015912108906     
  -2.73876628020032     
   1.98025091460609     
   2.43855450760825     
  -1.48565410403758     
  -3.24524528521653     
   1.67320015537305     
 
 -0.792658843024651     
 -0.225248786454139     
 -0.110638291148006     
 -0.819083165675430     
 -7.653866213865591E-002
  -1.23964238147277     
   1.33945453958975     
  0.124583302030814     
  5.490255839493834E-002
  0.216240621402451     
   1.12215222416629     
 -0.893378618520716     
  -1.61511174402620     
  0.269830499783417     
  -2.42490697029604     
  0.846910834417344     
 -0.352034080553944     
   1.14699960498994     
  -1.04626163320230     
  0.704263044989742     
  0.578140442794940     
   1.22057383284594     
 -0.261964803013449     
  1.192786559722138E-002
 -0.344402519866489     
 -0.113515185361335     
 -0.416598797287206     
 -0.782783596559073     
  0.628968934151130     
 -0.411789672499176     
 -0.257052127681635     
  0.329484028821284     
 -5.752013278232543E-002
  0.445681211615789     
 -0.637173388389862     
   1.07228669356230     
  0.287153706755536     
  0.498718170613271     
  1.281706828061014E-002
 -0.248764283568640     
  0.361667218645106     
  3.488861113195803E-002
  0.327823924244060     
 -0.104241665533481     
 -0.612765617532314     
 -0.432876051094685     
 -0.240700373982832     
 -0.457290066552496     
 -0.482763506820444     
 -0.964229795311788     
  0.280627922166200     
 -0.340733478728519     
  0.101790405740533     
 -3.055009193589589E-002
 -0.450880529734161     
 -0.494627957861830     
  -1.16805957143119     
 -0.981365452376129     
 -0.644992909514732     
 -0.435458323564171     
  0.124648196766769     
  0.250810240814831     
 -0.199732993422867     
  0.141256794513660     
  0.654563718205396     
  0.495994568666516     
  0.642430306185148     
  0.761324156328889     
 -0.177560837248457     
 -0.886954325936610     
 -0.857764419192086     
 -0.316863555569556     
  0.543501434334393     
  0.502246002791661     
 -0.290641978730240     
 -3.313607546928096E-002
 -0.171230705163798     
 -0.961102664741311     
 -0.797133077289855     
 -0.475425641749582     
  0.525810512978000     
  0.879733328338091     
  0.383915197455507     
   1.08710989876495     
  4.331486553884208E-002
 -0.545917696439592     
  0.716032841678546     
 -0.198783277499518     
 -0.655891090367253     
 -0.711159153771834     
 -0.580504908488028     
  0.174261273365325     
 -0.428056215436545     
 -0.519712252747293     
 -0.822129780974388     
 -5.464043075909138E-002
  -1.15685695493629     
  0.280625582304632     
  4.485651994601209E-002
 -0.856289580499052     
  0.245161802433476     
 -0.815455813023052     
  -1.03955189949371     
 -0.155906729302961     
 -0.522587693745768     
  0.868946298364141     
 -0.230330510470785     
  0.664453850560729     
 -0.734275199031308     
 -0.863504750981256     
  0.795515459718542     
 -0.638945382085740     
 -0.157808172230938     
 -0.387381446961419     
 -0.574823160765870     
  3.364781794720022E-003
  -1.39059269271463     
 -0.567115388932326     
  0.533491983888309     
   1.03819772840225     
 -0.330796297424094     
  0.502123451328467     
 -0.250032650581245     
  0.829039724041829     
   1.28839685017260     
  0.260137868593117     
  4.644807902790967E-002
  0.217727641581328     
  0.733477672840292     
  0.520211490367236     
 -1.660392404446317E-002
 -0.152137893896413     
  0.238549341000268     
  0.450921270513648     
  0.813373360752839     
 -0.265118122255797     
  0.119356810941689     
 -0.162414581833721     
 -0.671183416488705     
 -0.119400401802165     
  0.371497130722643     
   1.58363251955572     
  0.154885803454627     
  0.129163405093460     
 -0.123926656525817     
  4.440738439543860E-002
  0.248400459642357     
 -0.770088980968199     
  0.125281681508971     
  0.420172137896235     
 -0.352679497678677     
  0.404394398299795     
  0.246819863741006     
   1.07411465152950     
  2.978673630917181E-002
 -0.420812908223787     
 -8.303163742708136E-002
 -0.116677091449129     
  0.566895269466731     
  0.406763696606299     
 -3.979899937628804E-002
  0.155683728627046     
 -0.559362592350030     
  0.918322980174492     
  -1.04851894713605     
  0.327099694429477     
  0.150594812944806     
  0.961406795258735     
 -0.419160796698502     
  0.411567419820824     
  0.263072580740480     
 -0.208589585654022     
  2.525107379106684E-002
  0.844162515891895     
  0.506953182253253     
 -0.266827537626409     
  0.289058868623128     
 -0.125684421136951     
 -0.147427096799291     
  3.361964786369911E-002
 -0.567605097644153     
  1.532292975368292E-002
  0.235798774997249     
  0.801459276817208     
 -0.434639660538249     
 -0.705654684976220     
 -0.775152974578772     
 -0.498307405536536     
  0.510196572719332     
 -0.492550443989035     
  9.723037962033723E-002
 -0.345214083248596     
  0.546902610866688     
  0.600317525258313     
  1.709133953274597E-002
  0.469328027362721     
  0.557007312899545     
  0.848913491935964     
   1.29326457127536     
  -1.88301421251343     
 -0.464909443218317     
  0.609417040896096     
 -0.957031186165514     
  0.469864610030499     
  -1.42203305973407     
 -0.276436748141052     
 -0.656246062524368     
  0.687598919435677     
 -0.106540502867246     
  0.194457765008499     
   1.03843801772969     
 -4.676827786265705E-002
  0.117580979527578     
  0.104968404878006     
 -0.327105908902568     
  0.179077795168318     
  0.110508493954259     
  -1.30949974279048     
 -0.834659570064197     
  0.303350648778644     
 -0.700150420013982     
 -0.323074620741439     
 -0.370907800600923     
  0.142286808321706     
  0.291772386466421     
  0.426119035096981     
 -0.177357145794123     
 -1.964481015002645E-004
 -0.160608357281618     
  0.437801567328386     
 -0.328794402956763     
 -0.582706222352804     
 -3.257823085241441E-003
 -6.589495432418443E-002
 -0.216117605143192     
  0.448110268198870     
  0.593069490630864     
 -6.949933011825167E-002
 -0.579283601712237     
  0.174564210066119     
 -0.187718077430954     
  0.216332521493456     
  0.253002326219263     
 -5.270985455064842E-002
 -0.108812447049804     
  -1.23902908736260     
 -0.301124767968977     
  0.302763421199327     
 -0.235562210600647     
  -1.21358340576237     
 -0.771572781945805     
 -0.481547528447251     
  0.496225138333584     
  0.387617025807370     
  0.659218100738546     
  0.636148339262279     
 -4.761691443728957E-002
  0.162040874732636     
 -0.513278406242142     
  -1.58318238390873     
  0.884193421184422     
  -1.53232466576680     
  0.316343143521227     
  -1.08017523677282     
 -0.205322459002554     
 -0.265233966895145     
  -4.56306547213752     
 -0.944295249408742     
 -0.477549390270608     
  0.490292652584323     
  0.742260476159922     
  0.336621590525246     
  0.707884014631054     
  5.053660823847990E-002
 -0.764148495617905     
  -1.18414134695767     
 -0.758303554390894     
  0.658810608435616     
 -0.233111148936009     
  0.100128683510183     
 -0.322523594720252     
 -0.346017762104423     
  0.285998262403109     
  0.528602511391201     
  0.148995533532466     
 -0.151028378202333     
 -0.359617973019736     
  0.331143041212588     
 -0.195833815090459     
 -0.437948471371368     
  0.712616094960749     
  -1.56670443343094     
  0.394517520919642     
 -0.471147441210774     
 -0.407908138697342     
  0.401760706798297     
 -0.104417450313303     
 -0.762097062216175     
 -0.237231263999838     
 -0.185560571054713     
  0.492039009716768     
  2.886524321759589E-002
 -0.967528519033234     
  -1.18842431572334     
 -0.620231846383582     
  0.704155019210831     
 -0.557738170271898     
 -0.840989191958630     
 -0.358477673146329     
 -0.167086784853257     
 -0.721318240695187     
  0.758761885792304     
 -0.271484390462320     
  -1.21403512434717     
  2.711356459561769E-002
 -0.514265789791616     
  0.574397911880732     
 -0.127870355081922     
 -0.414913872801030     
   1.05224639366159     
  0.246496087683490     
   1.35302428640820     
  0.342507023727298     
  -1.81067312035447     
  0.133969214866290     
 -0.250630450120119     
 -0.624200215986629     
  0.360454220481859     
 -0.410214096255408     
  0.267757578674880     
  0.277306653656941     
  0.140121960803259     
  0.212690006429561     
 -0.161633851037591     
 -0.137511510314336     
 -6.152588192550599E-002
  0.751034401832184     
  0.686460173612530     
 -0.547931841123466     
  8.770645863393446E-003
 -0.730365758433988     
 -0.261062057209034     
  0.397070371547559     
 -0.483738625794396     
  0.347912288687780     
   1.00241951361767     
 -0.900569890298123     
 -0.160649585045770     
  0.442260733019879     
   1.30504165066170     
  0.258673846297448     
   1.45064524843418     
 -0.742905450078473     
 -0.319012278661479     
 -0.727018201163009     
 -0.816898105073076     
  0.347570922935427     
  6.258555906785612E-002
  -1.27497857979157     
  0.147427273571140     
  0.451884683406118     
 -5.321185702959649E-002
 -0.781372689779033     
  6.619708771290184E-002
 -0.510669048453389     
  0.335575193452889     
  0.714296627548883     
 -0.134286424574870     
 -0.144171758357914     
  0.121567557894259     
 -9.556457296018934E-003
  0.339602398651108     
 -0.419892300380659     
  -1.10753088902150     
  0.253023309678469     
  0.126796415440595     
  0.291586905329089     
 -0.261644484571910     
  0.721772172524886     
  0.746621253559402     
  0.387604987069316     
  -1.38759893879427     
 -0.128568377127070     
  6.384951070582180E-002
  3.462037514866099E-002
  0.244023695550517     
 -0.392933817504246     
   1.03793573288007     
  9.127004899609403E-002
 -0.829438674389995     
  2.397491225616777E-002
  -1.30513794046721     
 -0.846623500095209     
 -2.386818029393359E-002
  0.571974475314979     
 -0.505375723791506     
  0.213479041206233     
  0.357182582602997     
 -0.939886383414032     
 -0.295841093433946     
  0.457329872884465     
  0.126073323357079     
  0.327583735704026     
  0.819135078877572     
  0.642822075328977     
 -0.287909092115437     
 -0.534880525564069     
 -0.470134998481368     
 -0.482281176191502     
  0.474276334035805     
 -0.364948948145470     
 -0.783183444382074     
  0.729740595390811     
 -0.920671127412688     
   1.14432361510161     
  0.495626168190977     
 -1.879669128763892E-003
 -0.292987302718105     
 -0.596753944951669     
 -0.760855313575400     
 -0.195129562673874     
 -0.531033779477737     
  0.722323452873232     
  0.987127120239004     
  0.148319842045558     
   1.23820604045915     
  0.400023316001009     
 -0.268784295510709     
 -0.455635415434033     
 -3.612993540740920E-002
  0.796172228942424     
 -0.701155523934368     
 -2.839733240642874E-002
 -0.597655068711600     
  0.388346567179461     
 -9.218057669161936E-002
 -0.824641860272347     
 -0.169623281711821     
  0.327082293783444     
  0.756177237209871     
  0.249404960659737     
 -1.927274594767012E-002
 -0.543204592961527     
 -0.578890401668909     
  0.244036379966579     
  0.643084279773331     
 -0.443541477495416     
  0.367634634104560     
  0.266388739032530     
 -0.187246782069779     
  0.365243641850691     
 -8.265282280424159E-002
  0.246893470436984     
  0.648232282696901     
 -0.113948476195835     
 -0.447943909142795     
 -0.515388237368094     
 -0.375939187629377     
  0.530390417887682     
 -0.295907347214503     
 -0.212976356171946     
  6.152085049446016E-002
  6.530169561577637E-002
  0.752323040628458     
 -0.455132293826362     
 -0.235708067170604     
 -9.406509523429749E-002
  0.148539564295238     
  0.142856342898913     
  0.775266203828470     
 -0.104863206572938     
  0.813339896248733     
  0.136402157467843     
 -0.109696402793565     
 -0.712174786163587     
  0.284883551973804     
  -1.85121115866658     
  0.324286563451453     
  0.783827395966126     
  0.863684018860328     
  0.311797654730530     
  0.238580882795254     
  0.232001142261058     
 -0.162945197517673     
 -0.136772652506109     
 -0.146399820108522     
 -0.173263131727030     
  0.239763538520372     
 -8.732269768037018E-002
 -0.260671340887792     
  0.666263543703535     
 -0.202839484813390     
 -0.168123072278388     
  0.764136235671147     
 -0.511241225599333     
 -0.229354449562682     
 -0.252281630909131     
  0.268453970563164     
 -0.702082390914526     
  0.373917185778552     
 -0.196501981517610     
   1.16800499946950     
  0.163699472258778     
  0.391357164968979     
 -0.633827307505065     
 -0.262541196076704     
 -0.705830563455528     
 -0.902700054872162     
  5.113195985550232E-002
  0.534481190521260     
 -0.274872905300178     
 -0.376462661398823     
 -0.875412508320221     
  3.453538129531415E-002
 -8.471345510553974E-002
  0.714279484268567     
 -0.251654086082335     
  0.459408312942899     
  0.511467434732927     
  0.164984939689106     
  0.440115300907358     
  0.128220867329516     
  0.319284043415155     
 -6.604429236878499E-002
 -0.264940151579965     
 -0.357490399415552     
 -0.146584478498279     
 -0.388168218279586     
 -1.335241046038882E-002
 -0.690595086503218     
 -0.523579263913843     
 -0.875782225991448     
 -0.137826505278031     
 -0.577343163282977     
 -0.485385337184738     
 -0.343638697985230     
  0.589223821772048     
 -0.556336044614392     
  0.161886827059974     
 -4.614559372029420E-002
  0.427539656586639     
 -8.695539002468983E-002
 -0.508238399280934     
  0.505301023724870     
 -0.370623449110151     
  0.127226679012260     
  0.996348731240660     
  0.780511326423862     
  -1.74242723102572     
  0.115155233490224     
  0.544537115080127     
 -0.173323161725813     
  0.233222648249550     
  0.727705592036300     
  0.196703270999721     
  0.948733390641210     
  -1.27245521749886     
  0.307258549433818     
 -0.370006908029190     
   1.45732873605246     
  0.150264313945247     
 -8.404647319728810E-002
  0.332820270049919     
  0.343154889828333     
 -0.772684563096614     
  -1.30001761333721     
 -0.279639411804782     
 -0.280535656770348     
 -0.578353928943176     
 -0.563345058632967     
 -0.351240617549985     
  0.356367154469146     
 -0.366131412891770     
 -0.719480044466483     
  0.366398167032725     
  -1.06172568822415     
  0.187162984278298     
  0.271351584724621     
  0.401572787727426     
 -0.221952144055365     
 -0.847970851449149     
  2.950947752513637E-002
 -0.112316831116870     
   1.30696957694054     
  0.894033014151955     
  0.217925112790672     
  0.736848933642307     
 -0.215862896600960     
 -0.693438312044361     
  -1.33844055901530     
  -1.01875167826041     
  0.338803310036634     
   1.03014728432477     
  0.327733956237516     
 -0.359931317295210     
 -0.441517144333343     
 -0.360147978557729     
  0.101235188952076     
 -0.467562167774417     
 -0.115905539053055     
  0.290856657127051     
  0.142814677891859     
 -0.320063032632235     
 -0.435565457145625     
  0.173216971845282     
 -0.520353388314625     
  0.696774705666547     
  0.467883899615211     
  0.439723093624479     
  0.810252548775280     
  0.151983247919232     
 -0.225326376742637     
 -0.405045734750675     
  8.209982042638614E-002
  0.800257569807503     
  0.609509764909106     
  0.724779053225102     
  0.588092301643320     
 -0.164167405264270     
 -0.737058916444902     
  7.814450649259051E-002
 -0.110244062190982     
 -0.158876946854098     
   1.51919612053719     
 -0.449355314603706     
 -0.956845169286043     
   1.48810973820523     
  0.176101122700757     
 -0.780790179999930     
  0.564072085100021     
  0.621810069228867     
  0.550614282517302     
 -0.400503434722325     
 -0.427214454353098     
  0.386057105427602     
 -0.643190153803531     
  0.220623855477497     
  0.510670684472862     
 -0.372224441301969     
 -0.267409876280649     
  0.582093628728030     
  0.416958198918827     
 -0.453039959091754     
 -0.579495545692787     
  0.906510651801842     
 -0.520151215795686     
 -0.111875718767868     
   1.70177511029940     
 -0.101468855632551     
   1.58649627574555     
 -0.250054765692264     
 -0.612123834419580     
  0.418146485277029     
   1.41172959542395     
  0.676586956897408     
 -6.988794867726718E-003
 -0.762210541937652     
 -0.350293504941749     
  7.980251640088833E-002
 -0.921214069288364     
  0.385412227714468     
  0.508884450610071     
  4.732726712750013E-002
  0.672844285904634     
  -1.03961087854874     
  0.636064301568086     
 -0.929408263647193     
 -0.701170361197277     
  0.960011517967537     
  0.431778821477427     
  0.959497912425759     
  0.259750043412415     
 -0.371794499895571     
 -0.598805065143888     
 -8.216874448020031E-002
  4.658816332865801E-002
 -0.528166419105933     
  0.928074610388593     
   1.54298698433666     
   2.89560852342788     
  -1.32321986188485     
 -0.900537401426767     
 -7.978715796391522E-002
  0.175460772532902     
 -0.364055782657392     
 -0.555584271116398     
   3.44357529230533     
  8.840227752389190E-002
   1.03125764519566     
 -0.317109065697101     
 -0.284570807649710     
 -0.167270668433963     
  0.381150911842596     
  0.223929028710263     
 -6.056051364894994E-002
  1.580708608211248E-002
  0.521242169057868     
  0.425511725761078     
  0.175658952618891     
  4.761588523153544E-002
 -0.537201214280109     
  9.623195250735272E-002
  0.630643775700715     
  0.632990458190279     
  0.460111266303375     
 -0.688353907459555     
 -0.393513682522635     
  0.129238744132841     
  0.124140482008592     
  0.362550416420954     
  0.223231439983887     
 -0.319434106491045     
 -0.263154368382490     
  6.641952879710548E-002
  0.270050958012199     
 -0.674594014230115     
 -0.656205941000089     
 -3.162148324657869E-003
 -0.845814167472851     
  0.650461066223707     
  1.731438127670107E-002
  0.270682011012185     
 -0.684373361890529     
  -1.27421671460687     
  0.280880199898006     
   1.03255494107892     
  0.637904741653524     
 -0.514431401070279     
 -0.440087843518233     
 -0.203230763757101     
 -0.114330470284555     
  0.465886792178534     
 -0.387762141544904     
 -0.443138859689659     
   1.01465725451868     
 -0.316445460248690     
  0.295063859888154     
  0.699835348378871     
 -0.139908378374100     
  0.309136068380723     
 -0.688893325397557     
  0.883936547835351     
 -0.294921639703895     
  -1.05474532020568     
  0.622848189516502     
 -0.240200765641780     
 -2.768230990745001E-002
  0.539248174835440     
 -0.683129710844696     
 -0.156889397597140     
  1.674968768900590E-002
 -0.742270248393171     
  0.333233910745078     
  0.700700809607819     
 -0.284654108821135     
 -0.194864216551060     
  0.448389333667841     
 -0.113890936385012     
 -0.447860424864832     
  0.193397162954700     
 -0.223782866966511     
 -0.100499652521238     
  0.461492830373238     
 -0.476228450517441     
 -8.636386050284622E-002
  0.255704961376087     
 -0.559194473295695     
  0.519182977174491     
  0.166448313964648     
 -0.322891844466504     
  0.909122003761494     
 -1.709636931992325E-002
  0.634327513351912     
 -0.735232346530779     
  0.136245646030162     
 -0.449832440651412     
 -8.436449596281023E-002
  0.338933557459260     
 -0.339770549541921     
 -0.295163829661522     
 -0.304553551126701     
  8.481321802268096E-003
  5.356857891756532E-002
  0.900236204721605     
 -1.841193762437787E-002
  0.234216042985137     
  0.964647867754832     
  0.208456424111332     
  0.605609539101995     
 -0.539988406528430     
  0.166510447963615     
 -0.151725873125794     
  0.509954458969154     
   1.35422897050675     
  0.586989364302234     
 -0.569131151919686     
 -0.224965046046560     
   1.02396582655094     
 -0.232652470622674     
  0.446488802451851     
  0.547021829040028     
 -0.370981618700128     
 -0.337581216006195     
  0.567568765823129     
  0.501078457419394     
 -0.348729704634951     
 -0.726488830699787     
  0.383447454696759     
 -0.387710917619926     
  0.434229743317081     
  0.974358408525759     
 -0.702891738457084     
 -0.237870284612778     
 -0.197025198426061     
 -0.715215652140085     
  0.243184776767432     
 -0.464450514694663     
  7.693251397564829E-002
  0.900940659761756     
  -1.20343360203709     
 -0.134109645683792     
 -5.377369367362223E-002
 -0.102180323055260     
 -0.516807341646218     
  0.814685468037923     
  -1.27155275516450     
  0.938792128870165     
 -0.569952373692067     
  -1.06580048928304     
  -1.01819552469346     
  0.777604081236066     
  -1.17640091480150     
  0.411477573643094     
  0.230107594069102     
  0.880400238784261     
  0.567561099622187     
  -1.20004644326702     
  0.208380948493451     
  0.195921152168622     
  0.671854088622403     
  0.284624987880648     
  0.465902123507891     
 -0.647630333510825     
 -0.739175373905978     
 -0.300603032860162     
 -0.741667186869270     
 -0.505287468208119     
   1.10694505633537     
  0.342793814106497     
  2.345926184926919E-003
  -1.03141164757776     
 -0.269261776235511     
 -0.341460309218871     
  -1.29957310428849     
  0.648353835957366     
 -1.452202686227215E-002
 -0.283651256692103     
  0.931310575395438     
 -0.603565910725182     
  0.706259346305629     
   1.21901176188506     
 -0.324933994686502     
  0.344533570921337     
  0.152487842315590     
  0.502027575982715     
  0.275232557042282     
 -0.636815890406749     
 -0.327214181375264     
  0.478301582896969     
  0.954087667799698     
  0.829534449637701     
  0.179666964063406     
 -0.953690586080379     
 -0.996691498111196     
  7.392167033267630E-003
  0.333173954455096     
 -0.727466402513436     
  0.365014232001184     
 -0.716879994996594     
 -0.391663162563930     
 -0.465310969665927     
  0.194825085861195     
  -1.12239309425612     
 -0.375420045250692     
 -9.639673262234259E-002
 -0.616522714252676     
  0.916246311075205     
   1.07226115435123     
 -0.648453505725693     
 -6.955645976654441E-002
  0.687530111232147     
 -0.597507096510827     
  2.670688129255009E-002
   1.06574627962357     
  0.497430930842960     
 -0.189105836279105     
 -0.353346052881171     
  0.286337229442944     
 -0.211596963542794     
 -0.315782834380272     
 
   1.53462091073402     
   1.48562466644422     
  -1.48402892895445     
 -0.852120836817993     
   1.66486481434631     
 -0.804199995499892     
  0.784146980044269     
  0.660502248852710     
   2.22416776346544     
 -0.680376298726397     
 -0.650535691534952     
 -0.212290001565512     
 -0.225571900044395     
 -0.227273246046554     
 -0.255142242743128     
  0.535153460898354     
  0.715881701040481     
  4.909546756850930E-002
 -2.862010206084403E-002
   1.57868942486742     
  0.553005881381310     
  -1.31927730672516     
  0.110072845901559     
   1.01935770766065     
 -0.468465003522258     
 -0.650446230063168     
   1.53026105457840     
   1.51507419854327     
  -1.70923009695578     
  -2.05317748500864     
 
  0.126100089830628     
  -2.50347768280655     
 -0.815370259565771     
 -0.258486670452245     
   1.73029228493953     
  0.703241821602825     
  0.583146868526182     
 -0.960711453165337     
 -0.674269819621606     
  0.787553221904916     
  0.873025574875225     
  -1.00781550888543     
  0.899686282994026     
 -0.841599387806121     
  0.871740402255554     
  -1.96150118190870     
   1.02892564555306     
   2.26949609681768     
  0.886241831855108     
   1.12326778827777     
 -0.821734394120312     
 -0.787198066893564     
 -0.963907426054334     
   1.66814969854098     
  -1.04607320681486     
   1.68482581228959     
  -1.83417266192492     
  0.436659059185401     
  0.694406566624251     
 -0.370148974975412     
 
  0.909361044347695     
 
  1.619599415469963E-006   1.17329243902006     
  1.619596792346023E-006  0.586646219510032     
  0.000000000000000E+000  0.344153786865412     
  2.623068429130626E-012  0.688307573730825     
  2.623068429130626E-012  0.688307573730825     
  2.623096184706242E-012  0.344153786865412     
  0.000000000000000E+000  0.201896517994655     
  0.000000000000000E+000  0.403793035989311     
  0.000000000000000E+000  0.403793035989311     
  0.000000000000000E+000  0.403793035989311     
  0.000000000000000E+000  0.403793035989311     
  0.000000000000000E+000  0.201896517994655     
 
  -6.97173859000000        63.0891459800000     
 
  tansig  tansig 
  12 - 30 - 30 -  1 
