1.7372668     4.9765668     1.174         -2994.4122    0.0
0.0           0.0           0.0           0.0           9.9365320
-27.070633    0.0           0.29240271    0.0           -0.021857381
0.0           -0.94214268   0.92209662    0.0           -0.094797709
0.0           0.0           0.0           0.0           0.0022455114
-0.065804962  0.0           -0.023426045  0.0           0.0
0.0           0.0           0.0           -0.0091445247 0.00
0.0           0.0           0.0           0.0           0.0
1.7771732     0.0           0.0           0.0031791885  0.0
0.0           0.0           0.0           0.0           0.0
0.0           -0.0031266377 0.0           0.0           0.00
0.0           -0.024630599  0.0           0.0           0.0
0.0           0.0           0.0           -0.0057064317 0.0
0.0           0.0           0.0           0.0           0.0
0.0           0.0           0.0047412395  0.0           0.0
0.0           -0.027199911  0.0           0.0           0.0
0.0           0.0           0.0           0.0           0.0
0.029551319   0.0           0.014124155   0.0           0.0
0.0           0.0028003588  0.0           0.0           0.0
0.0           0.0           0.0           0.0           0.0
2.2180410     0.0           -0.0057110422 0.0           0.0
0.0           0.0           0.0           0.0           0.0
0.0           -0.0015976308 0.0           0.0           0.0
0.0           0.0           0.0           0.0           0.0
0.0           0.0           -0.0011884005 0.0           0.0
0.0           0.0           0.0           0.0           0.0
1.7468293     0.0           0.0049164363  0.0           0.0
0.0           0.0           0.0           0.0           0.0
0.0           0.0           0.0           0.0           0.0
0.0           0.0           0.0           0.0           0.0
0.0           0.0           0.0011594877  0.0           0.0
0.033895262   0.0           0.0           0.0           0.0
1.1714284     0.0           0.0048108200  0.0           0.0
0.0           0.0           0.0           0.0           0.0
2.0           0.0           0.0           0.0           0.0
0.0           0.0           0.0           0.0           0.0
0.0           0.0           0.0           0.0           0.0
0.0           0.0           0.0           0.0           0.0
0.0           0.0           0.0           0.0           0.0
0.0           0.0           0.0           0.0           0.0
0.28484311    0.0           0.0           0.0           0.0
0.0           0.0           0.0           0.0           0.0
2.0           -0.0013708544 0.0           0.0           0.0
0.0           0.0           0.0           0.0           0.0
0.0           0.0           0.0           0.0           0.0
0.0           0.0           0.0           0.0           0.0
0.0           -0.0015690213 0.0           0.0           0.0
0.0           0.0           0.0           0.0           0.0
0.0           0.0           0.0           0.0           0.0
0.0           0.0           0.0           0.0           0.0
0.0           0.0           0.0           0.0           0.0
0.0           0.0           0.0           0.0           0.0
0.0           0.0           0.0017600947  0.0           0.0
0.0           0.0           0.0           0.0           0.0
0.0           0.0           0.0           0.0           0.0
0.0           0.0           0.0           0.0           0.0
0.0           0.0           0.0           0.0           0.0
0.0           0.0           0.0           0.0           0.0
0.0           0.0           0.0           0.0           0.0
0.0           0.0           0.0           0.0           0.0
0.0           0.0           0.0           0.0           0.0
0.0           0.0           0.0           0.0           0.0
0.0           0.0           0.0           0.0           0.0
0.0           0.0           0.0           0.0           0.0
0.0           0.0           0.0           0.0           0.0
0.0           0.0           0.0           0.0           0.0
0.0           0.0           0.0           0.0           0.0
0.0           0.0           0.0           0.0           0.0
0.0           0.0           0.0           0.0           0.0
0.0           0.0           0.0           0.0           0.0
0.0           0.0           0.0           0.0           0.0
0.0           0.18437241    0.0           0.0           0.0
