          mm  1827  1053
      coeffs
    -9.86388026860        -11.3103081160         40.0348754289        -15.0440917099    
    -16.3173740342         40.4140104010        -48.2480330328         4.25711482722    
    -26.1072332232         32.6490987570        -2.70496425576        -.328666926695    
     42.6227041285         6.19909030205        -73.6453702238         5.49680017943    
    -20.3261902309         50.1509093748        -37.9760787616         82.2321678804    
    -76.5796090372         42.7473504532        -70.1692680705         2.38068922921    
    -12.2537693748         14.8354807409        -6.88220721149         55.0635709455    
     .949242048070         3.81097410522        -13.9318541514         116.649081305    
    -393.533966064        -12.3364939082         221.332610012         78.5014536757    
     515.032671697        -155.005957429        -6.39100420364         32.7377597672    
    -8.68067158501         113.786003980        -46.7290814045        -105.049306956    
    -88.7081955372         32.8551241167        -130.620517046        -119.296739596    
    -19.6214512789        -25.6533859072         55.5464894641        -21.1027358526    
     321.376692736        -136.487854821        -35.5792323613        -5.24892766357    
    -227.257917304         107.913809121         73.6746665187        -158.602502465    
    -36.6986437411        -142.790475522        -6.95361299603         180.851840868    
    -33.5653722007         3.66431833676         107.670227294         333.900430125    
    -130.536732441         60.7952210124        -99.4571526070         35.0583458665    
    -376.685759482        -39.1048370679         95.7344635770        -25.9632814761    
     15.7886340977        -12.6836977561        -8.84375698787        -22.9267267977    
     87.7820959755        -61.0619234436         15.7514529582        -116.657189535    
     24.8325188237        -39.6405018429         3.31633272276        -15.3305867049    
     211.543952151        -23.9667792642         85.9204533848        -2.72926391893    
    -41.7266002386         62.1277510730        -116.437117733        -107.967108857    
     88.1702365880        -5.67653124279        -47.4206891643         52.1444884169    
    -6.41499145426        -137.688353426         129.645989066        -134.531515521    
    -6.80643544430         62.4521502019        -68.4862493168         81.3085035853    
     59.1751192332         26.8245798219        -4.48040701422         22.7205619174    
     46.5196467149         15.2003414001        -4.16039782273         85.7797945593    
     8.99113367470         18.3911026843        -18.8550444672        -17.9307275837    
    -27.3751203637        -6.35370876997        -27.3396449343         47.4133486292    
    -32.9905042871         31.9982343337         104.688285302        -52.7229570074    
    -26.2090615982        -57.4518616127        -67.9098385713         85.3090497826    
    -20.4660441164         25.3751477266        -40.8071268707        -62.7306919476    
    -380.393173419         151.058522424         79.7375505018        -127.297815008    
     1343.28283508        -499.683105756        -358.862316135         408.501120271    
     13.5043129961         145.682500836        -39.5599886308         91.3524433037    
    -401.934899663        -5.36181602821         117.955493756        -145.999983683    
    -86.7309457886        -51.1224836855         50.8571077801        -5.86873514147    
     157.283208488         1.01414373599         79.0369450460        -72.6556217641    
    -529.577912159         387.926835255        -30.8319751040        -72.8927252989    
    -53.9920932739        -245.617204251         272.791099592         540.437340986    
    -19.8586547136        -46.8290587287         288.573158942         109.083683702    
     76.9688347616        -167.070644234        -190.974018351        -29.9071083656    
    -749.695550099         178.087781387        -16.7454313266        -156.349633439    
    -10.1706286152         54.7712993236        -26.3699753604        -93.1441297803    
    -148.438339895         60.3908465388        -186.295801704        -48.5670126802    
     12.6262442167        -14.8984987016         48.0688725498        -12.6030213167    
     323.879190521        -80.3832368059         .221974702142         38.6392695250    
    -143.087357901         209.790751827        -1.10101384671        -110.013594751    
     89.5325494646        -73.7075951410         61.1011134480         68.2883590163    
     8.72916765152         72.1094835631        -39.2403740720        -161.917123040    
    -65.5475225069        -5.58002079862         158.777755702         36.7915653132    
    -84.5709875932         14.3253967639        -49.0911975255         12.6049213300    
    -281.275571096         201.911604432         103.596759793         24.0196079745    
    -59.2170110895         37.2431092764        -11.2522580753        -20.2141972283    
     26.7602392129         20.0197779718        -24.6333300405         15.8921065320    
     3.90493429489        -3.62018172482        -45.8144912619        -8.48105098505    
     31.7952832884         2.56887893464        -29.7967087293         34.6816723290    
     5.97511171507         24.1626803520        -1.92343257228        -105.156929453    
    -39.9641027471         56.8503699375         33.3977408026        -15.5085132633    
     229.749623483        -172.753696028        -290.551836005        -4.89562309737    
     173.361894252        -731.073603279         126.552848064         172.641142632    
     122.130787660         106.909756398         1.19134381115         338.292868232    
     145.440036654        -182.776076891         251.663854974        -10.5099003845    
    -19.9079691353         47.0617021576         80.1640848868         .674185479235    
    -49.2482465836         267.983163441         225.348566516        -242.458169836    
     28.8091764239        -33.3769527149         20.0264383668        -351.514475764    
    -5.57136768274        -55.2370559890        -139.781149894         175.664895693    
    -298.192109971         139.937261705         69.2249251668        -142.314356749    
    -96.3048541196        -17.1746570680        -124.941730288        -14.3580631459    
     151.023062743        -420.733750488         369.179671045         4.71650242134    
     30.9598272329        -179.279544895        -150.177975995         262.314998953    
    -50.6125591821         42.3913840725        -9.81127826404        -127.792858755    
     135.042952231        -203.373063659        -39.5095073974         53.8316282648    
    -142.737843717         42.6207164674         76.5281093191         111.822389846    
    -9.50977144176         37.3986223480        -63.5976909205         55.6820031232    
    -29.9077631709        -184.953827726         79.8795854632        -7.67781498099    
     86.2421677451         162.107438213        -168.914650257         49.4496222310    
    -44.3204405664         77.2180863751         3.60100763637        -9.61762079436    
    -12.9910294475        -22.2939867456         15.2000512088        -23.0732296607    
    -38.4654637606        -104.802555770         91.8386915872         12.5587760871    
    -4.38744567810         6.71215389573         113.120810344        -23.4866402594    
     37.0507594097         55.0585789074        -53.9472688530         68.5816418689    
    -86.6042494994        -67.0405159544         19.0734540442         87.7382501881    
    -41.4455858917         51.8558659477        -1.02335892653        -3.63056580380    
     147.086534280        -82.8226000681         45.5275639033         32.8106623441    
     29.8550378967         93.1577598072         17.6329391578         37.5286586453    
    -5.99019931985         19.1991257471        -144.789386375         42.6853979384    
    -41.9949468214         54.4154252194         30.1254294519         42.2500565975    
    -16.5219832045        -49.4264573117        -42.7530111085         2.49694453305    
    -10.5863332934         28.0981568358        -39.4537561046         19.1251356874    
     59.5053640215        -39.8338661551        -34.6946094644        -25.7862017082    
    -64.1867550371         51.2834609039        -36.0828922083         16.0429773363    
    -13.8243655718        -14.5286158866         44.2621777682        -10.2083737316    
    -53.4620115790         66.6051294748        -98.6952840718         39.2111755471    
     14.4831585915        -1.76663794671        -212.197740936         141.266948627    
    -85.7290510320        -23.3939958716         33.9873711450         231.427145771    
    -113.263143772         22.8940751402         40.3195056748        -62.7282086616    
     12.8954092219         176.950951185        -210.321431345         205.656068042    
     6.80670444203         18.7306567691         13.6453254391        -6.16508290777    
     31.6635602979        -34.6292255814         7.13087072403         10.9086431802    
     25.6848629863        -13.4619697421         16.0651549295         150.469966560    
    -57.1368964034         31.5846841999        -44.0713607276        -58.6486400833    
     56.1198582698         40.5196140354        -1.26419080353        -15.4809846936    
    -10.4046441703         11.8022373638         57.2455063451        -127.405254765    
    -29.9507722402         14.4561008077        -28.5114883338        -98.0416534866    
    -1.89608470266        -38.8460927412        -83.7862406489        -26.3353377305    
    -25.8626510173         13.5797975816         8.28946093512         77.9418780684    
     6.09730096077         34.8590587158        -60.9866453689         64.1793357665    
    -54.1721571471        -197.026395626         77.3745393840         43.8801204438    
     75.5588337268         82.1348638760        -91.5678834481         10.6370372467    
    -15.7207187620         11.2079805179        -2.94327340487         76.1255389967    
     112.930608252         44.6828349401        -35.7476835513         11.9780884150    
    -59.0101505067         8.10014355098        -10.3628365654         78.4815145074    
    -24.4743352305        -57.1797055517        -95.2994239879        -.765004950932    
    -61.6891872513        -3.75214490430        -67.2555174635         8.99483525772    
    -162.577098838         31.8388812627        -42.6103752410         53.5981634764    
     9.76581488700        -50.1512116801         63.9877838549         6.55688333969    
    -17.5935970521        -7.80086344192        -16.4476150080        -2.27031396720    
     114.970603179        -42.2269116480         53.4924101590         28.3902689601    
    9.662234161808E-02     4.42203851613         49.1746699635        -2.05725745926    
    -7.31589989621         27.2291621007        -1.55309246902         57.9779930017    
    -11.6804666971         19.3411101857        -4.68630073800         19.1624036287    
     15.9705021708         11.2379597641         49.1282037853        -21.1122779668    
     12.5755775209         94.4484480752         32.9847874243        -19.5362236262    
    -2.49634691923        -24.8333221262         6.68932138348         4.30188563708    
     .676718898028         .605799381751         6.81387826291         21.1847569869    
    -5.72729020703        -25.9700356239         5.16108183891         5.75436902957    
    -16.7522294953         1.03517085870        -15.8315105880        -5.17897304967    
     11.6463813391        -24.6206599441         11.8962162589        -3.93735437721    
    -34.2472016357         363.358732144        -26.9482236910         1.02666371799    
    -51.8270805041         2.52251256946        -25.0759616196        -357.293129914    
     527.369124059        -61.2761130667        -51.7258948719        -56.0705627145    
     24.7659028385         28.6695778778        -81.1155193855         55.9094204170    
    -68.7468028648        -8.97077665940         33.5206662941         20.4773233300    
     25.3052249432        -109.651169921         26.7083043691        -27.5061351045    
    -86.7759244686        -841.856279277         815.941284409         207.114239067    
    -804.800566889         48.4663303538        -162.298048565         297.331713300    
     311.334058864        -48.0017239857        -75.9796089732        -520.605065405    
     488.784071594        -226.006323440        -121.621940647        -153.926553014    
     30.4642701182        -105.155492344         31.7915586575         162.974740103    
     56.8846385173        -17.6950278935        -68.7182234014        -57.3646771202    
     5.70933878161        -46.7096435122         72.8410692274         29.0994645974    
    -195.065630122        -104.026714036         3.84191544012        -5.88149171439    
    -8.07094149695         56.0546682211         93.0644663760         138.508031849    
    -118.015111245        -84.0276678546        -82.7228770913         175.755131075    
    -6.05745794870        -170.870677357         312.185503512         60.4719838954    
     74.7879028147         14.9508963904         222.544399679        -1.70972632909    
    -81.1818301612         44.2707653297        -9.30468579043         45.9389456379    
     144.338832715        -66.6210834034         39.7981527329        -11.9517972653    
    -7.64991915385        -111.807191264        -12.0316031777        -37.6442068399    
     39.9999183344        -12.0189218513         47.6602075037        -3.44517780620    
     29.3023219439        -9.19386404392         15.1937364584         3.57006255610    
     54.2164348586        -11.3333591848         2.29346663423        -24.9417044840    
    -58.4431279931        -42.3822874501        -56.8553650273        -5.03204402227    
     5.66653325928         35.0017441467        -3.74072100063         42.9324092742    
    -426.251874258        -118.208851737         188.852839756         732.802546646    
     21.2807689863         607.883005623        -120.607853427        -677.567312141    
    -145.053200562         26.6119403451         130.961731891         252.598254813    
     28.1995468456         261.182375962         205.448298024        -39.7847696437    
     638.102947694        -192.430966074         28.8221301657        -35.5641183868    
     60.5057701231        -306.509278530         79.1062565530        -34.4096453015    
     318.440041828        -95.1023235838         19.4899257736         154.455036811    
     92.6467916406        -182.158522375         3.50418302928        -14.2516077524    
    -432.373185614        -109.748191223        -356.907531224        -340.094643829    
     331.586318986        -268.258273067        -33.8158638577         251.223302018    
    -315.826707629         134.152019739        -100.431830304        -119.871340188    
    -5.94662044335        -299.443063118        -103.571054626         293.119258588    
     153.217842711        -2.76416767974        -472.312522982        -421.219598027    
    -193.226368001         30.5440969476         67.6569058988         29.0933968248    
     445.503862022         81.8664280908         36.6490992967         40.2807967297    
     140.675465597        -117.710096226         23.0357473232        -10.9567233690    
    -34.0560738290        -56.1570991528        -.641100804006        -67.0158376913    
    -52.0738256854        -2.55084566689         92.4193250239         50.3778783453    
     10.9227960556         19.6843092562         62.3858308055        -91.2088557109    
    -126.930043776        -46.2667451479        -11.9602947370        -5.94635987681    
    -15.9158148088         21.7198451175         27.7886793661        -36.1365948033    
    -25.7337875564         81.8518634262        -112.903059066         56.3229139172    
     2.91559445779        -15.6797624344         8.19703423297         15.3614506045    
     43.9928510216         125.202893948         54.2467015011        -47.5672185165    
     83.5970189726        -6.10317152275        -27.1074837246         83.2766644914    
    -80.4671744387         15.0660037078         20.3595342285         10.5622166979    
     135.847842650        -41.9197601965         8.32179451924         49.9936613330    
     10.3926808250         61.3711637232         91.1735553186        -64.6187292892    
    -12.6456257324        -16.8628565555        -3.24472895649        -171.874040895    
     20.8892844587        -61.7155985411        -6.81731780208        -26.9591430885    
     34.6318121218        -3.10940008361        -2.72748689408         32.9475227233    
     11.4632813143        -1.34111691158        -2.98886989547         24.1573841117    
    -25.7123762002        -83.8482639401         18.1182419849         11.5688829578    
     17.3028349153         22.9886961191        -5.74680132340         40.9851134880    
     50.6817187088        -41.5183113836        -57.6475325831         125.955598906    
    -146.575675258        -41.0066472781        -5.04260686989        -87.3651933408    
     8.47620394961         32.3002071829         6.79172309922        -93.5480284094    
     71.0047425891        -98.1112612619        -84.5940663527         26.6568241747    
    -63.1026452012        -79.5271432369         33.9914200512         25.2057949652    
    -58.0950024590         2.95778068691         40.0515785748         23.4335930142    
     144.210873483         102.360075749        -9.94477430110         19.2902209101    
    -7.16680046894        -22.3376398632        -5.44440186642         16.1144062233    
     10.8946435893         11.3730326694         10.7315674760         11.0826365907    
     43.2218047166         13.6308504796         27.9065862879         7.46261987804    
    -27.5776509659         23.9925467753         36.6437924822        -2.94467194876    
     23.7303050434        -4.61499795780         119.654412951        -2.61548709184    
     49.4981794767        -25.1027635396         31.0398156257        -8.63671558069    
     40.7310131406        -82.2150063145        -3.80379646170        -20.0289141301    
     3.25488703772         20.5895517440         10.2072131934         27.5468449420    
    -33.5169945522         8.53893735883         27.6694422790         9.84846447477    
    -1.36176282310         3.23653120186        -13.1461146068        -18.6528678306    
    -19.8508208839         6.04702948809         16.6681433074        -35.9325083830    
    -15.6897127430         .636368694976        -18.5013841577        -8.68543210816    
     17.0453954469         13.0653307796        -51.0429770448        -2.33686685829    
    -37.0131372229         113.103020443        -25.7337723819         60.1249229868    
     88.2325838985        -81.7587607670         50.7378236250         68.6517563346    
    -15.1159083129         35.5582924510        -169.715639196         118.461025423    
     64.5106836274         148.349964180         5.86414496644         7.80666869419    
     6.45893938136        -6.24716079362         87.7141534789        -56.1021999074    
    -58.2753395667         139.623942696         6.18546403395         3.62211224279    
     5.60193163981         67.7912919043        -65.5608316679        -4.58111773565    
    -38.3995645399         2.12522828091        -4.06399249960         21.9236664038    
    -21.5302657358        -9.91148304337         11.2392624891         .261697448045    
    -11.3250942749        -3.94181474419        -8.74660222105         .269680525317    
     4.33371257156        -69.2080978428        -7.48545529788         1.29303126060    
     24.8295112347         .728301942219         3.76696304630        -45.0983545268    
    -62.3858774483         1.84890615571        -8.34938985509        9.593190380280E-02
    -.311368969288        -8.66405973598         3.23478641612         .976778976822    
     9.85392516278        -3.54720898591        -6.48621919197        -.237618673367    
    -2.26781749904        -3.41848805936        -5.97639608100         14.5042285986    
    -3.16914714942        9.752979049504E-02    -26.6566241136         6.20699898563    
    -2.79453854965         321.079688390        -511.502281789        -92.3067719524    
    -174.878397704         139.916144700         51.0000169708        -214.832258353    
     136.640366629         223.278347319         31.6462625751         548.514294700    
    -304.598195407         111.337066490        -183.726312295        -98.6034244176    
     18.1767238101         195.278388594        -109.783864667         49.3676032087    
    -121.386299754        -35.5861444554         6.86300350099         106.911481005    
     31.8538352884         49.3084215984        -75.9040206344        -601.068756227    
     381.161165256         309.095315351         145.972702962        -37.2707443065    
     51.7040739513         276.815506598        -99.2129383478         28.7273216384    
     334.102424912        -211.565231585         134.941260787         14.8475498617    
     206.342733075         238.317435880         .409790714436        -48.4949338545    
     105.229465992        -6.34149729324        -252.790345016         355.874297308    
    -148.327039607        -35.6927766621        -10.6331471153         317.769983788    
     543.749562159        -230.409596777        -69.8225105536         33.0524469467    
    -45.3976802924        -432.414506638        -96.1439223254        -104.376197799    
    -12.2835002850        -125.153526440         71.2653012005        -35.0853725306    
    -72.8254190820        -73.9442172543         36.3662364842        -73.8664601449    
     42.3426447479        -7.46790794828        -14.7531814332         84.2323493968    
    -17.5269427440        -31.5505663511         3.07503563642        -97.5338886863    
     97.9204968169         145.183366479         47.0964764945         18.3115357633    
     13.1970582309         52.8886497361        -19.3180801307         5.47148466124    
    -74.4114834880         60.6237482837         27.9174812748         104.291826798    
    -139.189887905        -39.1311593546         18.3778743732        -21.1961077903    
    -208.379956744         98.8528362217        -103.150983602        -105.824805077    
     56.2782545084        -191.261466748         140.021859712         19.2850348246    
     69.9246919912        -369.962685417         33.2411901354        -11.7834017339    
    -27.3596942675        -370.245029865        -18.6967290429        -68.3286396471    
    -105.712611834        -14.8229703687        -182.981507992        -273.630210239    
     331.451849234         75.1515458179        -2.78190088131         20.4254026900    
     121.060881212        -104.062463687         56.6654643717         51.5900204908    
     46.1196891343        -155.855518929         9.60973635966         91.7658331127    
     25.9059797539        -38.7687165131         1.70221658191        -56.6808575657    
    -13.0065459050         30.0052879420         152.889693259         16.0995806507    
     62.1579210174        -7.41660239078         5.94677396427         6.41263756777    
     134.598441562        -50.8335316111         39.4694409130         70.0306811405    
    -136.277620971         171.445383596        -149.239485661        -222.750683849    
     147.609081494         6.34885120646        -58.4967362708         2.52976181095    
     450.504990849        -275.651927530         244.120204927         107.694646918    
    -59.0685799587         78.0689809627        -191.354081223         35.5178340553    
    -34.3685916261         71.3809653434         7.06935277090         26.0256828070    
     220.592890583        -209.465269824        -87.0805613654        -17.6285252129    
    -85.8911907791         20.6002159267        -8.12089139880         100.464139325    
    -.261410277480        -14.2668552069        -39.0287213575         43.2799224828    
    -.690538914694        -238.366990521         22.4262942494        -50.9424522204    
     59.2180267286         107.433409005        -79.1562584245        -45.3669658894    
    -7.40371812545        -1.08581632068        -24.9428131842         71.3297591328    
     126.248792662        -173.676194108         9.89634641149        -22.4268792090    
     3.24407993758        -23.9585266287        -14.7754634033        -26.3074709508    
    -.590535948429         34.1728884669        -89.4957201142        -23.4996477641    
     16.0908766394        -20.7596385495        -7.31011939614        -45.9290978131    
     60.6502511816         25.3187572817        -37.0648009745         142.557194238    
    -14.7380533008        -58.0156133684        -57.6780390011        -81.4436297214    
     106.545734638        -11.8596545801         9.57306294342         3.58315468873    
     52.7985786220        -290.496272344         135.256377350         39.2128348599    
     95.0002369444        -25.3735369697         50.8992402541         17.9530958354    
    -271.473720859         15.2196280133        -45.5466993988        -185.370854127    
     99.0082973895         128.693064351        -42.6330975530        -5.42973701901    
     215.687994950        -165.142989477        -123.777363062        -57.6423425594    
     26.3074841991        -32.7006809300         16.0358482576         20.1291836729    
    -185.917286536         102.634794219         72.4153842833         2.28188905711    
    -6.35781311124         14.3314598538        -145.209741616         41.6339932379    
     65.5402555718        -21.5792344506         .995920303235        -4.91867262687    
    -120.552319117        -8.45826501427        -32.9628477732        -42.0292499770    
     .977656686943         25.6513508560        -2.99656097754         13.4497202773    
    -1.33639744970        -160.197975964         183.061439989        -19.1430293065    
    -20.8315220575         22.8573330798        -38.3476268105        -55.8715608390    
    -85.0279675918         3.82137806598         3.73613348675         34.2478139502    
    -9.59357222484         .992017228461         18.3202827516        -7.05111472417    
    -9.76745046139        -32.6649724717         3.43281469635         30.8958997730    
     18.2148067108         5.72485781328         10.2745394627         19.6998835687    
     32.3913154393       -9.984816153196E-02    -10.9355746153         30.9485681740    
    -14.5243197025         11.4581699858        -.965820845856        -9.09619640066    
     2.26060408880        -10.8063914741         2.45351644000        -2.22124150799    
    -.842144618786        -23.9520547376         2.87584351450         11.5561042873    
    -.894856911406         3.57849591166        -16.7703893878        -2.97639977271    
     6.71231463159        -.514377084821        -9.25190653604        -2.62463513329    
     21.6000973755         31.8894437421        -114.994022577         94.0096050008    
     7.26504994558        -3.03903187338         8.14626038077         219.060996059    
    -25.6576408116         52.4549533549         62.5519095864        -2.86923888022    
     53.1467671808         51.8996361209        -57.2731002696        -23.9684873653    
    6.861438666713E-02    -3.87075690324        -94.8970098142         46.2641141787    
    -49.6716685574        -29.4383430445        -29.3921911331         6.49979837598    
     2.23434057748        -9.34650648380         58.0943345701         1.42450581677    
    -3.08686857923         8.45023689888         55.9831260918        -12.1714732565    
    -133.810924884         21.6986983627        -9.24753260445         24.0357122887    
     13.9562718728        -15.6060013065        -22.3599882432         11.1084804411    
     2.57693263742        -7.66834475694         61.8122073938        -9.57190609304    
     50.2079533504         79.5902745620         8.90758539064        -21.6109510058    
    -1.99080242920        -4.93288548879        -41.1888856604         71.9196003992    
    -50.7859510083        -10.0352971238        -28.3640826065         18.6165437371    
    -65.5360740633        -37.6640803167         19.3448598728        -49.9131662859    
     11.2256566665        -65.2947402731        -118.747724336         152.720300760    
    -33.7947896199         30.5421135920         32.7276606178         1.35768663729    
    -1.94921413106        -28.4984837813         .304032965391        -.253465779950    
     55.1456836861        -53.6582482845        -15.3741213589         52.9623952701    
    -12.1456142386        -17.9895740430        -30.5882781682        -33.3280803363    
     23.8768369375        -29.0460510284         7.31942345469        -4.02797094523    
     14.2718260580        -49.0763373121         85.8183120132        -19.7026959803    
    -6.55536981847         25.4843306753        -13.5325059656         .539372343650    
    -5.12642291428        -40.6007528707        -10.8896172967        -4.69146669718    
     29.6489787251         3.17350363344         12.0991268914         24.9798098782    
    -13.3842041596         18.5620063619        -49.4784570571        -3.58819467463    
     9.00823156191        -3.66557486566         22.5554975195         33.7642969173    
     13.5608620707         43.2138889058        -42.8701235299         28.4608678947    
    -12.8230942829        -7.85165633711         19.2077995530         125.443251246    
     108.572456854         5.15538972015        -20.7073039821         9.28918465723    
    -63.1893238898        -11.4011995883        -53.9975823369         102.674743369    
    -9.37958540924        -60.5997093190        -34.4383758666        -13.8797324670    
    -35.3428357591        -182.701497286        -24.5873088469         5.95827653890    
    -101.872069738         .897005188821        -51.1753902698         13.8214517984    
    -17.4770350447        -105.317987333         83.9097353199         52.1098727213    
    -53.7103375196         5.46203675800         8.76393011421        -1.44546264661    
     120.224424733        -30.6486697912        -43.9368389134         3.78916791267    
   -1.497265792856E-03     1.73642201743         16.7544044294         1.53189961315    
     1.30536716971         17.8315883867        -1.57917202083         16.3102575645    
    -5.36928009314         12.1604535764        -7.33368429842         46.1433158094    
     66.0147790127         3.96826181684         160.764170512        -20.5612931056    
     28.2327621187         152.843593386        -11.3019514494        -3.63398654793    
    -6.78110294768        -10.1970655782         6.38868121444         .304003603178    
     1.74621453707         15.3919809333         6.28548268243        -9.23244680695    
     3.93913556511        -9.91474008262        -24.1248050821        -7.93128114721    
     3.15945624408        -18.9731526008        -50.9192959598         6.53313624774    
     7.67772602307         29.6739714299        -3.95414783184         .670058589886    
    -4.87088744812        -4.31543489779         7.56275809171         32.7882421492    
     27.4614267774        -53.9883958288         18.1315010301         9.59353525166    
    -3.77196857734        -52.8676030714         45.6540946521        -29.2339105955    
    -21.2897387654        -34.2166626753         55.6945625448         23.2070649845    
     57.8612271719        -39.3421132681        -9.26932122318         2.51832677220    
     61.3555406860        -110.677000550         66.5312739422         14.0353155837    
    -4.55081268245         5.42600165258        -2.19436212532         22.6354141684    
    -9.25334519509        -1.49486725660         27.2800215305        -.604982097480    
    -3.57944629227        -5.30518019732         41.7480039618        -26.3292959035    
     27.6366524322        -21.8315225532        -22.0584829608         15.7062850004    
     35.8773972813        -11.1397326813         10.3147050423         25.0130998983    
    -113.967358158         39.5523291336        -33.8099408339        -16.5313602446    
     31.4083192696        -13.5327048507        -27.8761616339         131.616628940    
    -118.974914073         10.0405319366         25.0717614274         56.9491694538    
    -1.91275441519        -7.61477398479        -9.80266868446         5.05418307776    
    -8.44415658015        -9.37604636739         8.90068808125        -12.5048328234    
    -94.0547795243         31.7321494905        -30.3827983754         17.4923976223    
     48.2981626596        -30.0442178392        -40.7972067657         11.4007051199    
    -12.1112044107         10.7447876659         60.7341058095        -293.343314812    
     1.46145782188        -48.0124329817        -9.88926928058        -56.8503361811    
     20.8520455698         36.6507262310        -53.8030135968        -65.8443905692    
     48.4918454939         58.1654399904        -47.4193577135         13.9842824218    
     184.089914147         56.0088317546         95.3703548331         42.7087608788    
     6.33712570280         25.9618168882         38.5921386089        -5.38103663044    
     79.0995169244         9.12809274434        -45.9702979772        -15.8682678751    
    -11.2757164190        -4.45675345556         3.51855990045        -77.6162044265    
     10.3141165638        2.297259883335E-02     23.1463191175        -1.21529750024    
     5.25225446344         30.6288095239         3.75432121886         10.1368453826    
     15.5690382557        -.706226929009        -1.51256339281        -6.46929252357    
    -1.03264898575        -5.27959605512        -40.3698597459        -16.9453218417    
     .910535136838        -164.184288553         8.63404196412        -22.0354015918    
    -65.3773872131         57.8029826147        -62.3772171054         .899385188396    
    -9.87700867699        -.580056066094         3.73909965004        -4.27918617931    
    -1.54585748227         2.04117205046         3.18458087238         .368045916323    
    -25.5207238822         7.77063668097         .877304101904        -14.6917692919    
    -6.14081351217         8.38273393510        -1.93905195821         2.58269054185    
    -34.0124607943         11.4366906148        -4.64346251374        -7.27792970359    
     .555539700856        -61.8887693136         57.3756563511         20.8540649151    
    -14.8033426387         10.2124507661         57.6982794639        -3.29421866970    
     29.2085873803         20.9448530957        -41.0503345376        -57.3214515132    
     3.25788778336        -7.87871892821         18.3469499353         .470288489839    
    -20.2364056502         38.5591326376         8.31857671441         26.2537269579    
     11.7277281499        -5.17732405987        -21.2424636651         3.66379543996    
    -42.3535655977         23.3747209428        -3.29694038972         1.85815455084    
     9.92714694481         7.25984147007        -53.8997745499         31.0272852004    
    -22.4329234945         11.0319054447         1.35124132395        -29.9437248211    
     18.5746549155         8.34858556226        -40.0542394874         10.2590351594    
    -56.4632098493         32.9313690325        -19.9664309916         26.4775058874    
    -53.2861284194         41.7226384797         4.92566659576         32.7873088560    
     36.1344475781        -12.4648466867        -52.9215369309         8.72114392808    
     280.523657150        -8.00870245582         170.664059680         21.9190107889    
     10.7180054159         17.9384288178        -4.72465102379         20.9937825952    
     .681373929956        -32.6966600725        -20.4686755008        -.564645606462    
    -1.13711676802        -21.3668501435         3.90529036003         .639900950911    
    -18.7119098343         1.63702045625        -20.3396961388         1.70987137049    
     1.11290545860         11.3402532872         39.6777194931        -77.6171298937    
     6.78680323177         16.4105227671        -15.4570442297         20.2479737620    
    -49.2031076002        -36.8806974165         62.0630341956         .893428228519    
    -2.06813075593       -1.698086722961E-03    -7.53818176234        -13.8386431757    
    -.111651231639        -1.94399428158         9.33173639169        -4.77039337023    
     24.1796881912        -17.4311026682        -4.07576740925         21.7517408626    
     6.82343840586        -4.19907478553         5.21010106092        -5.42879901631    
     30.8020411951        -10.3324310430        -2.15433704825        -1.72992397677    
    -41.3446560237         3.45590382542        -11.8975915188         35.7396804902    
    -9.51060724474        -7.34422388277        -43.5525737411         37.8226443159    
    -5.95971139611        -1.94393623451         51.0737012274         53.6245992922    
     58.5314895588        -12.4308918685        -.102665107832        -22.6839387491    
    -4.23906059742        -23.3160307642         8.68767525632         22.1461482747    
     16.7724299550         42.5394230143         9.90525879374        -6.09796411524    
     1.94208241978        -7.04106740650         45.7645065285        -35.1121010996    
    -123.495798621         19.8432778309         46.9763922186         21.9605584865    
    -6.32225625501        -44.1940428928         10.3121898205         4.46702108940    
    -16.7728299208         .153228562223         96.1237139540        2.277429425081E-02
    -40.3254550481        -45.2464958287         7.48045854503         16.3166992746    
    -.369902952667        -17.5382321722         40.4603647024         42.3013673696    
    -37.0204928846        -20.7451818410        -29.6192226147         7.55406677822    
    -11.0402278976        -224.151258503        -.775155584203        -60.7611198393    
     16.7787116375         7.05584296237        -1.95572337737        -8.13051887859    
    -36.3133977198        1.945893784372E-02     .935774531662         3.43552053501    
    -30.2221745389         11.8989725839         35.0952376217        -14.7635397295    
    -1.05463786861        -13.1620443650        -8.43497698799         5.54441798108    
    -2.32971259662        -.906525332854         .394373907733        -2.41553452430    
    -23.0910602436         .132347217729        -5.87736593024         7.51747249335    
   -4.646707670488E-02    -7.59182237296        -1.77446341997         5.11845276195    
     6.82035309476         20.3113309251         6.91700832292         1.09533107420    
     8.04671100406        -4.28164917083         1.67517092518        -5.22023276247    
     3.72455356368        -1.98149108559         12.3823692143         34.1742060549    
    -.690465349957         3.26676724733        -24.8370894582        -1.25813516584    
     4.05718213479        -8.70859960868        -16.6652324021         1.64932246052    
     10.3498317229        -10.4420781454         5.30118730741        -11.0055566511    
     4.74114348936        -1.24393208483         3.65142010967        -1.71912014892    
     1.43536691571        -46.5178498464         4.10823248097        -8.52426662578    
    -4.27812961335         43.4202993392        -41.1735149558         29.2913749158    
     87.8243896467        -14.7454555228        -.527079830387        -3.75970151168    
   -2.143290053020E-02    -46.2039063463        -5.33692311528         14.6255676533    
   -4.130212280644E-02    -5.80541687505         31.5166484264        -24.2120439398    
     15.7968412127         44.5997206621         26.7490031930         4.49297452960    
    -10.5624155579        -14.0358104470        -2.33275025850        -19.8540731953    
     11.4489851851        -69.4443942737         17.8982088112         24.8596766050    
     59.5763538345        -29.4534541776        -64.9412331413         11.7908237640    
     2.79464556640         59.9048367184        -40.9239128710        -2.44250953459    
    -3.00854402031        -15.8622213484        -7.45045942747        -9.82977788563    
     74.4337832125        -1.05756364577         8.17135992719         50.0056032436    
     2.98146545778         4.13094726157         2.72725129485        -2.07526153069    
    -1.41163585958         16.9268554131        -5.83047815687         11.0081119519    
     1.89363884902        -.135689120046         1.16018359747         19.7277604920    
     55.2553642838        -74.4453021002        -86.4524693274         30.0881833128    
    -130.596394903        -2.44430570448        -8.94289822482         92.8668469354    
     51.9711415563         98.4859752599        -77.3457855372         79.4341081926    
    -108.201440996        -10.9936004418         170.777669178        -50.0953945956    
     62.4031865105         88.2887607063        -140.555017763        -145.773685967    
     122.236938828         623.414384342        -208.960487632        -116.399062937    
    -455.144016042        -45.6130300545        -218.277876342         324.613360405    
    -124.487343737         449.752176090         42.7287389173        -1055.82786490    
    -121.060714968         8.09232241293         42.3344455986         734.356432405    
     664.470260695        -196.365935910         124.025173282         173.433870145    
    -40.9370181054         469.825007226        -86.6519020913         18.0374630984    
    -47.6502433026         166.820397942        -229.953945626        -159.479276678    
    -77.5278050146        -134.342134661        -189.470792548         102.602341670    
    -82.5835469046         73.0473383773        -152.893890200         194.143846959    
    -194.308929069        -352.571556256        -139.133322226         19.6970947150    
    -295.237808050        -31.5772681844         346.371607971        -38.4751712300    
     111.656980493         154.358168430        -405.600700822        -450.206810420    
     163.410818697         428.408948578         39.2580908736         20.3349080378    
     11.9118528555         70.4236456014        -258.745988124        -299.612359222    
     203.374487763         110.030160004        -256.875077305        -278.321832769    
     512.312150089        -54.3346417028         122.112669062         193.549745488    
    -55.0651654699         101.700946760         1436.85251582        -953.165699046    
    -1275.18877747         692.295084069         1946.63290509         2622.31602108    
     556.918989450         2345.24018682         683.963496862        -219.085197387    
    -2185.22554739        -255.317466476        -643.543897104        -818.473224060    
    -153.136181523        -67.3734451859        -827.799467504         383.349144882    
    -416.106753782        -641.028198133         359.340940114        -1135.88670674    
    -25.5809212362         1357.16352235         47.6854776816        -194.389937258    
     163.776439276        -2804.84114445        -2159.00316414         408.395673731    
     486.681139257        -1012.89283528         256.138197446         1486.16044418    
     292.897037020         176.490802119        -208.846301820        -1870.42766395    
    -3676.45615646         52.5476417528         39.5764989404        -1247.58445468    
    -58.5316767860         99.9877384483         108.537748923         122.954086231    
     226.019968369        -18.1801869985         980.735725036         96.0128417369    
     37.8859142094         9.93032802934         202.014568251         48.2062417751    
    -214.309022320         708.685992285         157.615117434        -49.6601463816    
    -239.843639655         977.323690156        -77.0961036259         70.8453436432    
     1046.25711399        -34.6126464526         225.781293273        -294.122613241    
    -477.283064905         178.326127081        -626.830543199         208.262987389    
    -62.3828267871        -781.232839623        -158.896913487         404.834027494    
     146.350147200        -142.557080719         342.447515963         459.138764007    
    -820.202196076         648.768471578        -48.9635907771        -1262.33324725    
    -158.230557845         384.942505269         348.922790842         990.898661232    
     471.407950293         259.384428935        -10.0685278100        -250.716305064    
    -3.21400581023        -172.861657351        -126.459074427         566.399206414    
     437.423058263        -165.534062479        -693.032172815        -37.1002830083    
    -114.455819501        -56.6636164824         105.753352323         625.014873949    
     760.254406606        -61.5146918371        -121.894277832         564.360536754    
     715.357716276        -716.535353145        -152.076834261        -130.657698258    
    -298.217067893        -43.6377161597        -107.573755184        -293.125422502    
     347.905218937        -296.672425983        -647.220390656        -375.937376635    
     205.647137156         470.604884297         133.003221624        -142.406059423    
     517.006407869         57.0703872120        -389.322711484         63.9573532372    
    -199.420874147        -317.893656505         382.368692835         651.666221684    
    -276.284483917        -713.132776006        -62.7878061007        -63.1597634627    
    -51.5984078268         17.1936379466         528.767017166         654.318977534    
    -385.483989209        -185.365394733         865.601290077         864.558308656    
    -553.256980813         33.2400755572        -91.4474692309        -161.131650054    
    -56.3655147951        -107.461661702        -7.20201523207         255.280062750    
     4.52098294788         48.5910509743         74.4503977204        -163.029462086    
    -197.730981377         145.286187674         435.884705965         35.3324703468    
     13.9345554240        -3.85968898506         79.6375317395        -102.595069979    
    -170.042552780         43.5009455430         3.86653573170        -132.968748649    
    -225.039570940         213.082494212        -36.5898461784         9.77364758605    
     80.5411423773        -45.5170619777        -16.0489922516        -245.800097027    
     121.490304344         328.675047798         320.151866708         962.610383680    
     1066.49961732         446.049014264         29.7571197725        -26.2804711306    
     30.2700337479        -195.147974165        -314.707044586        -27.7109856428    
     4.33022578956         45.1369880566         13.0174065869        -86.4674346848    
    -40.4038058248         15.5448036456        -73.8599822485        -41.4601886908    
    -22.4009972747        -142.296753016         16.8573042391         8.97560096458    
     183.787603126         226.928699870         450.865326533        -23.0439342095    
     29.7900315535        -70.0333572380        -11.5732099550        -23.6218128502    
    -98.2467900036        -150.247861357        -137.554123230        -195.547292463    
    -20.6655066163        -34.5272747955         4.04204999875        -68.8837513701    
    -153.775144076        -198.997460938        -291.680695443         66.1761269028    
     56.4275521414        -40.0205388785        -7.56928064706         55.0292733498    
    -242.186517591        -294.075052469         30.5913836186         53.4300340514    
    -1.73939667947         12.1754612542         46.9221714806        -68.7454404377    
     662.522820254        -1178.88589018        -1198.27734149         399.328750951    
     1527.74886758         1116.78347112        -250.978912578         2913.77704336    
    -419.869793570        -58.5915506453        -803.121870107         90.1985348516    
     102.446458154        -457.857157224        -667.780740006        -586.123041221    
     578.609284391        -559.856100022        -1646.87058004        -987.535015425    
    -2096.32726940        -2238.13645037         624.506256055         2636.32051150    
    -163.436038854        -291.323326477         92.5590783339        -2828.80422546    
    -697.287368294         150.371435994        -2059.90851594        -1765.45654117    
     716.813380474         2387.14307582        -159.206241045         182.372879962    
     569.637216399        -681.218978019        -3876.72445427         275.557146067    
     63.6632592629        -687.928700297        -123.947925341        -2.90193668983    
     73.1795485427         73.4802097068         86.3490485001        -141.350269678    
     477.967774806         24.0843128449         137.003073530         42.5905051002    
    -39.0536580824         263.211552048        -36.4621023095         394.006205618    
     129.276910559         226.952308754        -68.6483363335         102.806180481    
     175.094160572         18.0031997670         938.801012380         225.445806606    
     196.590682284        -381.714111702        -1764.64493909         899.768515835    
    -1866.09821995         853.822415255        -264.869245324        -618.897855082    
     142.794581946         520.580735957         458.527040307         1539.31016891    
     200.603562708         809.055739819        -1905.56601040         1880.83743477    
    -223.150912812        -1608.89732087         522.543112199         1260.80830968    
     1152.35663635         3605.04716485         3416.40409249         1254.91354462    
    -188.464135479         482.563712279         63.1838440652        -545.523806838    
    -274.541929399         1311.32644723         1327.70237934        -180.814436546    
    -1000.12028148        -62.9119716505        -171.038647759        -203.321293074    
     45.3353371815         261.931919467         599.194891266        -248.172783890    
    -158.748297741        -160.030617535         199.989217749        -498.446036393    
    -395.496587916        -68.7533029686        -344.856614888        -392.341831432    
    -129.628621421        -435.752820141         1232.75434565        -581.853781854    
    -1529.75083826        -111.471000806         273.286735098         360.140437559    
     1285.77245314         3582.63176519         539.348730545        -120.126004728    
     682.051972089         162.780280759        -168.463291205        -618.661252222    
     1437.06614598         2156.73961809        -524.848895127        -643.923562797    
    -73.2107035836        -174.737137331        -74.6548268324        -29.8559291539    
    -265.598442249         340.158740821        -647.453209131        -300.775553168    
     464.250890691         752.382141470        -966.026874408        -196.388365927    
    -30.0310466880        -1054.47761598        -199.468653151        -206.307328067    
     30.0851125712         100.931540332         49.1648162325         150.160386744    
     169.157169020        -699.205736060        -648.585967492         328.070089528    
     253.323474495         62.1869529605         78.4346930203         67.5203687353    
     135.053986596        -124.169027170        -188.455427211        -64.6231007744    
    -31.3481767444        -144.760794990        -156.116347697         80.2799554491    
    -42.8921928264        -243.860387562        -212.959435813         11.7192492407    
    -87.6675485130        -362.528188101        -245.575652002        -351.714822608    
     24.6275241861         436.835656252         418.590355289        -607.388527296    
     36.8733574626        -52.7707400559         44.4811063528         59.0319825693    
     39.0241640352        -118.452193637        -63.5370963251        -138.835687884    
     83.7922179640         206.882589318        -198.319717977        -63.3733950476    
     19.4488742157        -76.3455754286        -183.028379408        -73.6608284792    
     31.2916397315         28.5204513878         1033.80899164         1057.77876125    
     979.434744353        -549.631260575        -186.066359077        -94.0274717499    
    -7.50104247468        -57.3539078891        -145.583602282        -108.498013264    
    -46.3710476103        -105.701524401        -86.4247632259        -31.5947227724    
    -45.5979264471        -133.697657822        -113.413282101         113.214775034    
     34.8004510228        -82.1387316701         99.5019273612         58.1627283450    
     49.5142331049         127.586138606        -156.601219872        -196.433329066    
    -211.893989061         146.334610321        -27.3714273975        -44.8931116415    
     101.595199987        -49.8826197378         108.156227667         700.757000106    
    -208.015155868         1124.25250009        -391.591911291         22.4035239483    
     265.587939663         5.88464781013        -161.079358283        -151.366119028    
     122.515386923         123.957047601        -407.358744335         975.475124944    
    -279.567657854        -100.767245044         935.304520508         115.872404017    
    -917.184460880        -626.101494847         887.197643398         656.740834950    
    -1421.11333164         70.2234833308         107.111207789         125.037125281    
     309.714753509         125.287607398        -897.489648809        -314.004494927    
     471.540980008         115.219903275        -26.4073263923         61.3820653476    
     85.2740262187        -179.121641984        -221.260238061        -314.574531262    
    -17.7357186406         31.8175762364        -75.9815095441        -59.4183086750    
    -37.2733888210         211.280761360        -17.2680690333        -123.417833382    
     195.022019273        -47.7657950731         649.937993387        -676.786199557    
     63.7347836241         1305.80631336        -90.4837309494        -591.988717570    
    -708.786702841        -27.7307621449         920.259237133        -1031.91532428    
     57.3895687741         429.366222996         256.963909621         320.809870848    
     313.137617314        -607.618758515        -1314.34671832         471.978474797    
     140.298828142         28.3658336420         307.051423529         248.688268955    
    -121.729900598        -835.409325301        -709.742946248        -402.997289955    
     101.638591426        -617.897472670        -813.267575345         43.8739128055    
     593.373681081         193.979335249        -327.714133576         522.717935560    
     79.9053756745        -27.0156823870        -395.441501550        -48.5328637501    
    -23.8614361427        -13.8167304022         396.215901873         345.786496321    
    -101.347180121        -106.833527229        -50.8651353204        -112.810252837    
    -52.0834916539        -88.2147760295        -108.260916416        -52.9254549201    
     356.582660659        -7.91851094372        -97.4391348722        -28.1776863948    
    -61.1748503949        -212.876173047        -52.9907179458         154.153643416    
    -129.069795606         33.3985575720        -387.928969048        -2.46551957780    
     13.9766456091        -216.453873695         89.2796711763         193.299780404    
    -154.610799202        -36.0282299530         29.2925064121         61.2804851340    
     89.5885202323         50.0191957805        -75.7099276538         6.51998484934    
     32.6497823283        -85.7788609964        -60.8300244666         147.702187066    
     36.4615109234        -117.268790726        -93.7634421471         179.259589493    
     177.791091218        -14.7524891901        -30.8626934766        -622.041430508    
    -575.125604380        -809.496468880        -145.262381682        -12.8391679409    
     192.480369785         12.5914607737         42.9266280635         93.4689700906    
     108.078493440         63.6557192944         100.430430537         17.6223288688    
     20.2334378128         45.6705127511         153.450632644         117.434366996    
     121.305667866         11.7597354918         104.902269434        -74.5862792903    
     4.13636395662        -53.5557408156         14.3586099918         82.1822687305    
     128.037004537         138.041935722        -115.263273586         3.17951064764    
     83.1468415968        -98.1372298671         29.1351122384         103.413173160    
    -326.168511852         213.542140845         690.314547862         191.192951926    
    -72.9459258822        -143.980897809         224.414561549         224.767746737    
    -273.240067324        -16.5748528755         411.707568216         64.2236997958    
     158.300876696         408.637556181        -724.438908410        -1036.31574754    
     452.206837665         201.072963018         8.92734159798         60.0382606332    
     32.7542771300        -88.8473325341        -166.811646344        -420.028114942    
     109.071120813         72.3710240285        -625.728305300        -676.680551749    
     67.3171901816         58.2279071941        -89.8937280827         19.3896743170    
     97.3712708070        -15.7088832199        -3.89964237040        -398.485215108    
    -34.2089208347        -22.5368545654        -82.0988251481         312.336668493    
     433.188686593        -125.990467851        -120.416230815        -66.7303907067    
    -53.8683456149        -99.1411536667        -172.645195592        -115.683405026    
    -27.7061433436         29.7493739639        -32.1366826114        -201.130466951    
    -198.792874794         273.546548806        -82.5606445116         148.721086636    
     357.742785837        -137.038201264         34.3896548082        -327.106837148    
     42.1640687103        -234.793529482        -333.442814720         25.3538599017    
     251.468425390        -445.918170832        -45.4006658473         16.5510762217    
    -14.9585881953         78.6104803824         116.025473450         116.051577877    
     38.0173108126        -3.16089270064        -142.434438114        -183.459427278    
     139.330870104        -18.2045480949         6.59576402011         27.9322253205    
     53.4193900449         71.9134611576        -38.9480692391        -13.8901669547    
    -823.520579622        -1184.13013091        -1014.27243984         340.547953869    
     11.7867533600         109.742191628         13.6604152800         56.2863756626    
     161.678876422         158.116885519         196.004480266         217.734035240    
     73.7704516556         101.934027809         22.0564774074         100.132817058    
     120.891727516         156.002265620         352.270726656        -62.6775650082    
    -95.2905474911         5.85742715981         26.3751738410        -142.597993705    
     241.332611384         305.914212765        -23.6583868653        -90.0470513287    
     1.43448040960        -19.9279450588        -59.3620729906         65.0060914733    
     1.93164170753         35.3636252854        -.765613601169        -6.03981167925    
    -1.52343093977         30.2917116388         23.2790150221         23.6879522378    
    -45.0424535746        -6.52680925050         5.70245241095         8.60164699200    
     7.01024204975         124.621091528         183.005600749        -147.425430195    
    -13.3007166576         114.612794755         162.406724129        -270.357667985    
     10.2044691531         2.56949522643        -153.924977808         9.50177762306    
    -14.7174371094        -42.1826519536         69.7419475355         25.7234491811    
     32.8492148350         297.705251220         177.887278231         63.2407346146    
     20.2856423925        -23.5008551943        -20.9686051749        -164.959737848    
    -142.799053164        -.914686519700        -27.1858784329        -33.7281726727    
     188.710372034         95.0283322291        -126.238855765        -32.4274078253    
     187.982714354         171.687081689        -121.862487719        -80.5487557340    
     21.2017917599         22.0849586114        -303.363998458        -696.475341316    
    -407.687562934         119.944921171         230.505187924        -142.084377142    
    -10.4216679850         42.3313158932         62.7585256570        -44.6169393674    
     11.3552463167         16.3705409429        -80.7869945341         9.58700235957    
     46.6500348547         61.7316219285        -22.1711029689        -24.5219976405    
    -28.4162304151         41.2143655689         62.7492524564         63.6316054692    
     56.2148366022         83.0630385074         32.5795015557         58.7666707564    
    -51.2541738429         74.5064060675        -40.9791967527        -73.1633444153    
     54.4099600088         27.9345953846        -20.7110095259         44.2956271276    
    -27.3425179762         41.7329061732         219.078182542         86.3808865469    
     194.076213700        -146.561046605        -31.7967570439         90.0513018360    
     230.004999544        -459.106834736         4.88010842154        -146.986057727    
    -317.791447596         51.4091859707        -49.9424804613         25.3502285898    
    -8.76109012909        -3.11761653304        -6.94946436964        -.684469251264    
    -1.89548577626        -32.4380496435         42.1927566845        -7.27170156103    
     2.28657828004        -37.7124230986         75.9805239608         8.06822816899    
    -24.3078507565         39.7613322928        -39.4282995845        -1.74123514134    
     161.635021165         5.99470464057         1.77111502254        -1.68554693909    
     8.07118980735        -10.7915256482         3.78614250479         24.2934639507    
     11.2025048683        -24.8548668247        -15.4706203333        -1.76448319635    
    -6.49007794786         12.4688522210         54.7518960057        -6.23410461991    
     49.9107955602         129.170846415        -9.08125042500         1.37966202230    
     4.45066445947        -14.1404650306        -37.3294836046         11.1258056625    
     47.2645829209         28.4199420117         .943007334967         20.2818733814    
    -.911494686311        -9.49263326681         1.38492627896         25.2071368148    
     2.68242506400         7.40832993737        -5.03204339859        -58.9101035199    
     270.114071999         6.22027970080         14.4204634678        -3.21818716133    
    -14.5410015994        -16.5209009706       -3.525291887037E-02    -32.8866117144    
    -42.5137064657         4.17530237485        -90.4756474986        -81.3064372937    
     48.2432794700        -162.716668446        -79.8335868466         122.010053286    
    -265.976373176        -208.475219408         60.7045547436         203.483680079    
     71.6981630985         6.48734240061         53.1097634806         45.5885514755    
     19.2596057857        -122.839708458        -88.9297436577         13.0468809839    
    -225.196883839        -199.075354900         50.9169114421         608.983293952    
     569.765246544        -160.563097725        -55.4146644426        -46.6525546274    
    -.788738792937         99.2620816358         156.848733463        -105.169156343    
     198.359399660         248.416745919        -19.9937566713        -120.916346374    
    -90.5649725127         15.9988211176         10.4102739596         40.8621502332    
     7.41300731692         1.04585980226        -1.54465332799         1.42388243500    
    -16.2324779912        -17.3277702868         6.04500865738        -5.61823934178    
    -4.49452834503         .993477807975        -29.2354383742        -59.8844139832    
    -25.2998034784        -19.5154174093        -46.6838696812        -23.2815269816    
    -11.9750113581        -25.6267637907         38.0510622242         11.4320659231    
     19.6692397122         4.23412315250         3.20205093750        -1.02294838026    
  err0 =      1.64E-02    9.15E-03    9.27E-03
