                  0.93104438936356359591
                 -1.16201212709998769057
                  3.27850997246002151542
                  1.81887602125010117149
                  0.74457828579003204617
                 -3.59320204705713663884
                  1.39578968283776227999
                 -4.74911477691532901702
                 -2.22788006665720050847
                  0.69225219378491831268
                 -1.54551923375361188739
                  0.06782621080665737767
                  0.09150591994591159017
                  0.88339339817375905906
                 -0.99203398972161704883
                  2.21434485984446638440
                  1.00316612258072623831
                  1.72591523954018732923
                  0.27509748282253332352
                 -1.05712297531449928023
                 -1.70731176527117156638
                  1.15291929032431172963
                 -0.32006396788405755416
                  3.03773416128951057047
                  1.42053842648845041197
                 -0.18620207985428302577
                 -1.38995026907304275454
                  0.12542560410241090918
                  0.27628252100053074525
                 -0.06172550709346669856
                  0.45079867086815111898
                 -0.64076390776384617443
                  0.90244006381483121704
                 -0.48553922651592812398
                 -0.34770954136804349544
                  0.87520100641449338763
                 -2.26568133081878952950
                 -1.30413985109052843470
                  1.49885469023809592137
                  1.40406956280316785879
                  0.45421989413639324296
                 -1.92184719438222351151
                  2.16778864451262798241
                  1.32911956000737663253
                 -1.23614180702730314110
                  0.63791473797336561979
                  1.15036785868046131931
                  1.95481609408829526409
                 -4.13437971079439847699
                  1.18963606120085874096
                 -0.22394433078688386063
                 -1.01969768561543627783
                 -1.47887195151492734091
                 -2.62651342421660816129
                  4.88159943085669478791
                 -2.42263316859424682193
                  1.08487106563656343639
                  1.21781719481573147412
                  2.40769744825938003530
                 -0.68979333843073997734
                 -1.14980717459235148858
                  3.07777134085503867311
                 -1.22220642032499871021
                  0.55232086215844244936
                 -0.06107356104931546681
                 -1.99703079213491641042
                  1.21096182345098712929
                  4.01455445166470070717
                  2.07668673451260055174
                  0.32123360128298145133
                 -0.33364695585139836354
                  0.58874904967713947990
                  0.49119304506866007243
                  3.14863086226820287905
                 -2.66429571924860608689
                 -1.46036309008258946562
                  0.84712064629055106035
                  0.74136303384429358410
                 -0.16666716674396070408
                 -0.76714214369765754142
                  2.00077111173211408257
                 -0.67411005111043664773
                  1.47212380391103536681
                  0.61516106269156567432
                 -0.29967731918548495829
                  1.91083334638160429186
                  1.34168301048155536037
                  1.97233859626715535285
                 -1.67155128168557665091
                 -2.78800144710146025062
                 -1.18621443570181428484
                  0.10583594261111281543
                 -0.55267446867680636302
                 -1.63159070322419785803
                  0.03696251927277509342
                 -0.25466874695247582183
                 -1.31271564984268995779
                  1.14389376224409167193
                  0.35083185679146050573
                  1.00871818509732125158
                 -0.15621080203435150358
                  1.04135409132025547052
                 -0.86080912298790057680
                  0.81999471173408833291
                 -0.62954920351208321083
                  0.70646847894916309230
                 -0.60795004744643188488
                  1.60477908065861551989
                 -0.21964536440465096123
                 -0.43760210936731325226
                  0.58035278023321934526
                 -0.14931575245993888856
                 -1.41291262765080793962
                 -1.17627945155482893647
                  0.50407160724213184722
                  2.06796806108730768514
                 -0.26332680466353691751
                 -0.45818586187671350718
                  0.06883337950039757069
                  1.68432783138015640390
                 -1.47848049297805772540
                 -0.45622376644882295382
                 -0.40375619161038983629
                 -2.84479265591599261853
                 -1.58668232511996487588
                 -2.17128002605768655187
                  2.37755290158030962999
                 -2.03782788215018095812
                  3.05076379445126022460
                  1.35020639066440373277
                  1.12542399911660973011
