  0.443873876593358     
  -1.60247674163256     
  0.279573680353199     
  0.420418833750811     
 -0.229974400488543     
  0.219694732630807     
  0.327976248979470     
  0.194491007692477     
  0.636156816850044     
 -0.129932127537322     
  -1.39648710124981     
 -0.254262215240091     
  0.643507020990265     
   1.05454795676431     
  -1.09409004231134     
  -1.73122697936165     
  0.445674608071015     
  0.175829604980171     
  0.680887616569534     
   1.77898369795807     
  9.053149289073522E-003
 -0.437594702423613     
 -0.355032351945376     
 -0.150173211795271     
 -0.385432520295411     
  0.191044035982839     
  0.488820953590902     
  0.288280445512212     
  0.409348263954381     
  0.486032375015314     
 -0.939801812881760     
   1.04465652191449     
   1.56474300191582     
 -0.696567334798992     
  -2.44128098025311     
  0.266480276518110     
   1.39910779553224     
  0.117235648094106     
  0.412015140655122     
 -0.107929699264363     
  -1.06936276906265     
 -0.491189962586391     
 -0.133390604883732     
  -2.07148836295966     
 -0.223561472567496     
 -0.447060635780610     
   1.24370291393829     
  0.512441487812761     
  0.226069998649812     
   1.25742256704136     
 -0.600183819472405     
  -2.18732660579712     
  0.991927655068114     
   1.65779047933351     
  0.166170372334242     
  0.172789267497184     
  0.576564937985361     
  0.391449128093287     
 -0.487753519349973     
  0.231073429088015     
   2.26984266530647     
  -1.52775504750926     
  -2.26070965567848     
  0.705494543817977     
  1.897048266595286E-002
  -1.14379043512487     
 -0.593747900170965     
 -0.678735800615864     
  2.935266672458215E-002
  0.901179664355708     
   1.09682940943877     
  0.518463754627902     
 -0.905125972825333     
  0.661887526388280     
   1.28394777668040     
 -0.479118866043402     
  -1.34556248687096     
 -0.260648376052578     
  0.564990006215773     
 -5.654656853076791E-002
  -1.40639763870356     
  0.959261302704528     
  0.563018107378339     
 -0.431287505404297     
  -1.17466329204259     
   1.33280410215568     
  0.982188929356868     
 -0.265073828586561     
  -1.62134375384942     
 -8.484254329207029E-002
 -0.334264640395912     
  0.166333084859259     
   2.74068250435351     
 -0.239208222242750     
 -0.924781588874358     
  0.159871330819109     
  -1.23203229995550     
  -1.84680075913740     
  0.296742610839010     
   1.25629498983252     
  0.346859282545778     
 -0.238567446605208     
 -0.914869046680441     
 -0.366777932679051     
  0.162804545825307     
  0.421246364176695     
  0.426794259534423     
 -0.297308307900061     
  0.163601832866034     
  0.551090000209882     
  0.411142310035426     
 -0.376200698530937     
 -0.543507468529759     
  4.158855956331371E-002
  0.665375835819801     
  0.151427309741745     
 -0.227087934077763     
  0.936614983790405     
  0.563880863152788     
  0.698401717382615     
  0.434132457387609     
 -0.336438094208990     
 -0.217097763200941     
  0.350442266915225     
  0.326446274391279     
 -0.290240325202542     
 -0.606124748650837     
  4.617550785614056E-003
  0.566710439384719     
  -2.04792287740395     
   1.75175102354930     
  0.448051556600721     
 -0.298743298120593     
  0.493673404166667     
   2.32199943855758     
 -3.814696533381916E-002
  -1.86490279347468     
 -0.435433749057792     
  0.374491777779672     
 -0.464109478473689     
  0.180501920391462     
   1.29257188231232     
 -7.419240069989112E-002
 -3.552620859443312E-002
  -1.48177744424822     
 -0.100535709460091     
  -1.11656924025889     
  -1.78706671619348     
  -1.91042290983461     
   1.48820755511016     
   2.01261466132756     
  0.286534228886032     
  0.243858650593707     
 -2.439645182718100E-002
 -0.818593691408229     
  0.210447735915503     
  0.545735155144876     
 -0.335443998952088     
  -1.44758013981568     
  2.132945688677390E-002
   1.13893076644763     
  0.372212139022000     
   2.41368821417479     
 -0.282862052100014     
 -1.159758806164792E-002
 -0.718438872560263     
 -0.204114810127064     
 -0.951135832607300     
   1.18623540658113     
 -0.245281142367097     
  -1.42530117979862     
  -2.37167552351999     
   2.12919395696063     
  0.174539668857013     
 -0.257239553489853     
  -1.75277281537853     
  0.261301651367559     
   1.12032475563463     
  -1.78825709380415     
   1.35841449158417     
  0.372773582875474     
 -0.369735627944082     
 -0.646816284390776     
   1.25179383199887     
  0.910378475708251     
   1.56364500546989     
  -1.39636943018811     
  -1.41777274742700     
 -0.923499524618417     
   1.00582542039851     
 -0.390918217501335     
 -0.654978268936778     
  0.221461273256170     
  -3.12118272086056     
  0.105730152378343     
  0.440503874923389     
  -1.47331193529167     
   2.42708130370791     
  0.716064808768657     
  -1.80320544109187     
   1.39448600652134     
 -0.387277920775685     
  0.454215952650878     
  0.992786096665469     
 -0.919662872346671     
 -0.105827355238588     
  0.924610014090458     
  -1.95302984413701     
 -6.494413684869249E-002
 -0.607884727739033     
  0.458371305756649     
 -0.593082576760426     
 -0.159239807658261     
   1.01632574927410     
  -1.31354287276261     
 -0.676790782984829     
 -0.225804982695129     
   2.35488996389462     
  -1.37132741839531     
  -1.59889799952281     
  0.187403510369184     
  0.338742151140936     
  7.292969521369824E-002
 -0.563479795877655     
  -1.30239083271655     
   1.36072373991280     
   1.00005256913006     
  4.398232679656258E-002
 -7.540436436469977E-002
 -0.623934100092351     
 -0.368999948946393     
  0.198821336393335     
  -1.18970032200391     
 -5.784282701536241E-003
  0.464993062032908     
 -0.814997800768109     
 -0.100196342401222     
 -0.411138485842448     
  0.770448087156825     
 -0.292534459502284     
 -0.600430912894432     
   1.69858122860506     
  -2.03267213658041     
  -1.10955771193836     
   1.59370034039339     
 -0.289871933334605     
 -0.287840337115364     
  0.174582277116002     
   2.17819937352516     
  -1.87231554554518     
 -0.125651863630776     
  0.751111074844093     
  -1.05536812393519     
   1.95546723895156     
  0.427773326198845     
  -2.98936859341558     
  0.750349282430988     
  0.945987227652512     
 -0.795637314238066     
 -0.420773417161735     
 -0.939520198448955     
  7.984539501912577E-002
 -0.278644583083651     
   2.07013415761860     
  0.458604070093511     
 -0.501132378370748     
 -0.658909134936008     
  0.243477905530518     
  0.175550845243760     
 -0.216270118559887     
 -0.106397626274076     
 -0.712209015203740     
  9.813338589104406E-002
 -0.351506434440688     
  0.419215845380502     
  0.495645033320323     
  0.252291987056161     
 -0.311046058683616     
  0.745639860448797     
  0.244964485326102     
 -6.092140289488705E-002
 -0.313973598167313     
 -0.177552965264946     
   1.61498481725201     
 -0.593321492887887     
 -0.200533774669978     
  0.292871505317869     
  -2.87450183381163     
   1.09329109974792     
   1.83376761345477     
 -0.582008282450912     
 -0.913028634079316     
 -6.918885792792868E-002
  0.804034165840075     
  0.351695774532679     
  0.489729559453469     
 -0.205198820764368     
 -0.206041799705705     
 -0.758912537946379     
  0.539502017396867     
 -0.915649913954231     
 -8.643146519386539E-002
  -1.05091274226728     
 -9.127291341553899E-002
  -1.27338754967915     
   1.76634826588567     
  0.209429944709254     
 -0.126571573504822     
 -0.798110316604621     
 -0.561478737070267     
  0.846386223163415     
  0.809046319371419     
 -0.385469925476457     
  0.692885244443068     
  0.771576467210935     
 
 -0.922540207212415     
 -0.481116322520999     
   1.18858753598470     
  0.183343973973417     
   1.51526061089662     
 -0.420387030843336     
  0.737508349893215     
  -1.92330406700765     
  0.382236403529987     
 -0.651011784493064     
 -0.790865930962864     
 -4.600685780161918E-002
  0.380127642255812     
   1.30531228112876     
  0.411542900533462     
 -0.778126001934106     
  -1.11830699722103     
 -0.828286954189921     
  0.514361197896458     
 -0.362954991691999     
   1.17049326047091     
  -1.31367241534493     
   1.16855945330611     
  9.621451539814452E-002
   1.02020596610807     
  0.408038062216022     
 -0.600840765851992     
   2.06292704319424     
  -2.02882297523573     
   1.91735060373338     
  0.755016410113770     
  0.979212607392322     
 -0.494928466625338     
  -1.19923870379122     
  -1.83299004980019     
 -0.833700822727062     
   1.57044665923932     
  -1.00844851242720     
   1.23416268341790     
   1.84716537925204     
 -0.707222016873282     
  -1.60683862422977     
 -0.662881401079628     
  -1.04378113308781     
  0.185575728425597     
 
 -0.360686910519750     
  0.258820868759190     
 -0.338802594170623     
 -0.155458234959680     
 -0.381467154663136     
 -0.183453395522907     
 -3.506803487902910E-002
  -1.10670909250225     
  0.459787214333928     
  0.139193553692203     
 -0.713938091742454     
 -0.481658609934847     
  9.648263789836903E-002
 -0.146840087676846     
  0.575853511212092     
 -0.309393184308817     
  0.431313505110916     
  0.728069826369851     
  0.834409369405242     
 -0.527232883083993     
  0.669742560624842     
 -9.098172321818844E-002
  8.180197147074472E-002
   1.02278583698450     
  -1.24052048043249     
 -0.958632681026708     
  0.374253247419255     
  0.561681560281939     
 -0.622732069370378     
  0.275891561457832     
  3.528032485212962E-002
 -0.987951833104994     
 -8.100523016418110E-002
  0.203328198212169     
 -8.851390609704829E-002
  0.449103023848744     
  0.286840975663424     
  0.869239612831143     
  6.763214169233453E-002
  1.623528778637421E-002
  0.695763070639794     
  0.118333362353258     
 -0.430036537899544     
  0.860766345458910     
 -3.044443058490410E-002
 -0.283685201735134     
  0.227934272434641     
  5.937601820508463E-002
 -9.282019558907983E-003
  0.345937368162983     
 -0.161945655679363     
 -0.459077207886063     
  0.860314562052577     
 -0.459300081016062     
  0.407798607843685     
  0.694690256526483     
 -0.777606504905824     
  0.313453361482249     
 -7.401999178928724E-003
  0.279624284468873     
  -1.30972540026853     
  0.104344978001311     
   1.50545179821580     
 -0.163229670435135     
 -0.180405208456269     
 -0.232340537244017     
 -0.754768328500864     
 -0.308735789094990     
 -0.119912300883164     
 -0.595400756223787     
 -0.145250403612855     
 -0.744619823717879     
  0.283064626747731     
 -0.210179702241409     
  0.740898905195575     
 -0.303208258158524     
  0.140983180750631     
  0.964907357265832     
 -0.211620630143630     
  0.668105859982237     
 -0.206397564535062     
 -0.501799475022277     
 -0.266338548163951     
  0.936484067668992     
 -0.428414670166414     
 -0.186321313771051     
 -0.707580178094370     
  0.959926258788900     
 -8.131883317708240E-002
  0.263555345412813     
 -0.244389812182015     
  2.228839607769636E-002
  2.463267721998192E-002
 -0.540727459181093     
  0.212323191076812     
 -0.658146700260605     
  0.110540167321032     
 -0.366320855686505     
  0.420583510665041     
 -4.205799170609294E-002
  0.241962684942062     
 -0.908977423947928     
  4.249523941382070E-002
  0.243045875584671     
 -0.662889647096788     
 -0.739903208912489     
  0.116859389165842     
  3.131958994045167E-002
  0.534055426255414     
 -0.114828189290884     
 -0.211008104849601     
   1.15403857554053     
 -0.160435184204970     
 -0.830872732427803     
 -0.263169010225111     
  0.141773753564312     
 -0.144765511604782     
 -0.100249419425061     
 -0.715644730332327     
 -0.786420794398166     
 -0.551026965304400     
 -0.847620621491459     
  0.491996903461908     
  0.835977672937823     
 -0.224089581581146     
  0.303047157317297     
   1.17758192387247     
  0.609144584260608     
  5.107705078866023E-002
 -0.271461421201135     
 -0.855770190044618     
   1.00531868717911     
 -2.773780120762981E-002
  0.520919647414488     
  0.862681310079940     
  0.347282881526629     
 -0.663492949317576     
 -0.449533074339762     
 -7.534081986100145E-002
 -0.305217363525389     
 -9.130791669132177E-002
  0.970955009409475     
 -0.402788748748220     
  0.375931689303013     
  0.342523305364311     
  -1.56161569771538     
 -0.660066928732364     
 -0.671683045715283     
  0.749266419048759     
 -0.265211929460758     
 -8.387365164735093E-002
   1.40741659784680     
  0.923611697632486     
 -3.858021203977004E-002
  0.527306434843412     
 -7.391586635739417E-002
  0.665864208705833     
 -0.201198773702381     
  0.540566240939325     
 -0.125288146417036     
  0.762387845356390     
  0.308895050533487     
 -0.381708468175499     
 -0.993173096427846     
 -0.203134420809584     
 -0.336057184743622     
 -0.158393306522789     
   1.33462551398493     
  0.617083899582831     
  -1.06285828300027     
 -0.254541710349629     
  0.465352249765747     
   1.04162896229088     
  0.567140399643126     
  0.358087969602422     
 -4.982670824673318E-003
  0.587780010490716     
 -0.197424602271349     
  0.707579338999238     
 -6.610424823599373E-002
  0.312072099018739     
  0.371322409791826     
  0.322519696898852     
 -9.944847204925192E-002
 -0.210645042670194     
 -2.406064457873423E-003
 -0.964184725412369     
 -0.137037651663541     
 -0.388813079364767     
  0.208020774279528     
  -1.00790757293948     
  0.161612243453034     
 -0.214346187106471     
  0.112418502355493     
 -1.987012082897406E-002
 -0.726361034512630     
  0.112790412222178     
  0.828715759159868     
  0.309582209446912     
 -4.173348140760179E-002
   1.17417545482276     
 -0.148868996046687     
   1.08091568175981     
  0.349170377055278     
 -8.097734319344262E-003
  0.603071610860944     
  0.234536882435668     
  0.621025422717491     
  0.649347029760865     
 -0.451333206530787     
  0.141784075320673     
 -0.949977162953444     
 -0.574960559725913     
 -0.560051937786295     
 -0.330512601185686     
 -0.492417853743725     
  0.912158083954334     
  0.627812172197081     
 -0.882971386079226     
 -0.308554115967155     
  0.217263898663530     
 -0.355261110785840     
  0.295784312013831     
  -1.06682876196645     
  0.689086593456478     
 -0.551964401528514     
 -0.763659703859278     
  -1.03905236300066     
  0.619740635522871     
  -1.10191906876679     
 -0.157327402139192     
 -0.489213878762732     
 -0.818477460762215     
 -0.405704459000212     
 -0.779954701704485     
 -0.525229646045308     
 -0.534612235429165     
 -0.269129435169651     
 -1.434660411401998E-003
  0.152477385691775     
  0.382358764147300     
  -1.02203765993345     
 -0.259389073739943     
  0.323179772471605     
  0.228173113204623     
 -0.126076598138285     
  0.619576220902506     
  0.986094016759514     
 -0.125410478234741     
  0.156975556450353     
  -1.33583634176932     
  0.162743119327567     
  0.229807816037194     
 -0.267107584550759     
 -0.124961692754957     
  0.181068802491579     
  8.295802550632546E-002
  0.457330879693934     
 -0.138775804141417     
 -0.485700699411179     
 -0.500782663447052     
  0.396912615927171     
  0.393779107963911     
 -0.571535977766900     
  0.882229059028292     
  0.124526864777480     
  0.136433607767782     
  0.374265395069714     
  0.936643955879138     
 -7.615501342177075E-002
 -1.342608961146477E-002
  0.349471252161962     
 -0.317392588469496     
  6.191575267114210E-002
   1.31574507735306     
  0.438845931881698     
  0.202092081235853     
  0.939836982099483     
  0.557523402648892     
  9.266294888737167E-002
 -0.208019452157168     
 -0.376162831114976     
   1.18115251231564     
 -9.847269498007714E-002
  -1.79315574003743     
 -0.323945965950849     
  0.697766294232072     
   1.10003961330950     
  0.598916798182560     
 -0.792817315141339     
 -0.490727776196308     
  -1.49041814521181     
  0.319673312446128     
 -7.387137127443139E-002
  9.913821324076420E-002
 -1.322550094892510E-002
 -0.207921859691520     
 -0.351639444782913     
 -0.474231882449102     
 -0.675800108789019     
  0.106854931409377     
 -0.199658182799580     
 -0.374551654420547     
  0.885218922596872     
   1.11991079625231     
 -0.244423730960636     
 -0.773237247726717     
  0.746418242326650     
 -7.234606347132791E-002
  5.577847593396198E-002
  0.775741755089210     
  0.363662901769420     
 -0.541250851124997     
 -5.592733553005437E-003
  0.400961847468499     
  0.856063247357379     
  1.534297201777884E-002
  0.635615709267772     
  0.409002422866493     
  0.820218945972043     
  0.174108135794557     
  0.364059111912565     
 -0.249596594313647     
 -0.416236949256153     
 -0.683701181551314     
  0.754908956078743     
 -0.218004789906669     
   1.67357454005394     
  0.328326112102974     
  0.705898974604310     
 -0.561342049722927     
   1.28015992183269     
  0.319297656531087     
 -0.753732762283463     
  6.077750244188840E-002
   1.44626436412447     
 -0.491557713676843     
 -0.672706160383226     
 -0.709506636901328     
  0.962111782437117     
 -0.260684209020839     
  0.758453816598238     
  9.718249320344005E-003
  0.212386197529566     
 -0.548424175079272     
  0.943187573428169     
 -0.363423095218683     
 -0.229885054385277     
 -0.985205639223402     
 -0.233050573034499     
  0.109081122777651     
 -7.080443794144158E-002
 -0.124420117451285     
  0.559834771624604     
  0.720838000429112     
 -0.920445763512125     
 -0.442103935660444     
   1.50963562506377     
 -0.848464283897083     
  0.624850250303974     
 -0.396795944789811     
 -0.419006869460827     
  3.488431737323912E-002
 -0.382030766857454     
  0.652235308877590     
  3.192622916549102E-002
 -0.470119317322895     
  4.768370427320499E-003
 -5.214797649565545E-002
   1.22142446080081     
 -0.595904022900865     
  5.969632730890765E-002
 -0.222443273804025     
 -0.699003789772524     
 -9.612240504285491E-002
  0.927063128967359     
  0.821611231719934     
  0.114659449076206     
   1.27232713081636     
  0.827752508074175     
 -0.600279644373500     
  0.419483174063881     
 -0.676570792024828     
   1.65235614675005     
 -0.184472000722879     
 -0.106841320855619     
  0.584501963668156     
   1.13508755550975     
 -0.180491334203045     
 -2.068692100562889E-002
 -0.216644467249161     
  -1.32174410293243     
  5.335298479384986E-002
 -0.809984613493546     
 -0.667449052923070     
 -0.305944130665985     
 -0.629082925345939     
 -0.485801263453728     
 -0.269076888651097     
 -0.125549329831224     
  0.882688464189764     
 -0.759106233643178     
  0.402005787809384     
  0.523828608569978     
  -1.40658680005379     
  -1.03661505163785     
  0.498811972026068     
  -1.03661079768436     
 -0.576313688145222     
 -1.067584120957078E-002
  -1.12389575245980     
 -0.452955673653636     
 -0.619547540679595     
  0.776328284615890     
  0.417141927978850     
 -0.656757880200769     
 -0.302360461134758     
 -5.281818136483252E-002
 -0.296257283662945     
  0.395337292361666     
  0.200907196810627     
 -0.527780609851087     
  0.702401269744582     
  0.910423179954054     
 -0.586215060524354     
   1.09909340768589     
  0.644926930357177     
 -4.162337283330114E-002
  0.637904851311763     
 -0.770623404538842     
  -1.20936158639711     
  0.970931854247546     
  0.313969782377811     
 -0.849191921157810     
  0.176649050046326     
  1.105831828587012E-002
 -0.850411981789473     
  9.062097491593109E-002
  0.466580572963244     
 -0.272230447320531     
 -0.139104836380546     
  0.359681387320928     
  0.841391600909142     
 -0.724273449670181     
  0.772613788263534     
  0.634194147820134     
  0.241451420494003     
 -0.370884709264824     
  0.852498028046389     
 -6.492017447615672E-002
 -0.160759857126180     
  0.615789954850587     
 -0.509754313584188     
  0.153811283377351     
 -0.143592469210473     
 -0.226585045758986     
  6.988469215061063E-002
 -0.854663571010402     
  7.059321740061617E-002
  -1.08085108989592     
   1.33396786107363     
  0.103892156162961     
  7.134560251931582E-002
  0.249853165063182     
  -1.06713699445952     
   1.01312577924951     
   1.15907146895920     
 -0.250470816294124     
 -0.126914396052435     
  0.621489482493557     
 -0.697995659521203     
 -0.442851573409415     
 -0.827741096442373     
  -1.04729797997213     
  0.334551774648445     
  0.201593073935700     
  0.473545165721832     
  0.250376761702309     
   1.32992338302011     
  -1.13188079208129     
  0.649550155148389     
  0.177621444687691     
  0.853486433675392     
  0.254912050524332     
 -8.645271789914001E-002
 -0.705582699007340     
 -0.674057477676921     
 -0.130158960939845     
   1.37512065786420     
  0.279753531499391     
 -0.436618861666162     
 -0.587327941134903     
 -0.650687241380265     
 -0.673574906407175     
  0.409888928841501     
 -2.818888131601617E-002
  8.116975223918525E-002
  0.261808620573088     
  0.728745076404296     
 -0.511590011588199     
  0.300496878933744     
  0.821087728696775     
  5.112492128052854E-002
 -0.402684545526396     
  0.147731423235860     
  -1.36062497714064     
  -1.12414215046030     
 -0.634463023461559     
  0.460001685898466     
 -0.189620731094651     
  0.839478041204003     
   1.13198495221841     
   1.23838668037237     
  0.120491073179414     
 -0.625107184203600     
  0.277323769058560     
  -2.04968702252539     
  -2.03785960876244     
   1.04026795555623     
 -0.357878140567742     
   1.21836541044838     
  0.799008820934072     
 -0.863753947747189     
  0.564407789389898     
  0.457648890971199     
   2.05418231794773     
  0.455818637485916     
 -0.209463509077976     
 -0.598086786734197     
   1.02489962233906     
 -0.695927655254791     
  -1.45710395130045     
 -0.799535044231286     
  0.854312059518660     
 -0.622208518880434     
   1.76716156696978     
  0.475815710088224     
  0.703028909362244     
  0.404801075136987     
  0.821608536833769     
  0.171275817728925     
  0.189601246836242     
 -0.310430179276606     
  0.951099643515954     
  0.366720615608101     
  0.561269421016298     
  0.900789285352329     
 -0.591120340311261     
   1.00867262686162     
  0.344170742075374     
   1.02137817030209     
  0.623869437447104     
  0.423566231884598     
  -1.06829866611510     
  0.134415675125049     
 -0.670307282127182     
  0.590858579604251     
 -0.815170342723218     
  0.623064267800796     
  0.853453800587784     
  0.296430027977857     
 -0.553178479025251     
 -0.974022508738530     
 -0.931019368436964     
  0.904028722410927     
 -0.225211791036936     
   1.09283797674315     
  0.460859856229475     
  0.102752754201814     
 -0.435775478897397     
  0.433134627700977     
  0.481791520329976     
  0.503424492529709     
  0.314703821856388     
  6.704542331071153E-002
  0.122575908099720     
  0.997206417076112     
  0.212939304707485     
  0.316880008553762     
 -0.818620034533222     
  0.997837442445766     
  0.453101751487423     
  0.302017957954534     
 -1.398506503066553E-002
  7.878886101292522E-002
  5.671259786410899E-002
  0.454943660315032     
 -4.894358764100764E-002
  0.109609071800090     
 -0.972666405293831     
 -0.207022765188205     
  0.914307377532896     
 -0.372967136080701     
  0.671976289538679     
  -1.11333103656662     
   1.49584184207528     
 -0.829017309854725     
  0.840308934199719     
 -0.109097608473014     
 -0.692409524800482     
 -0.630701595378744     
  0.519718134843383     
  0.745625290317281     
  4.422791042846225E-002
 -0.622843281597310     
  0.433414929115055     
  0.672069912889884     
   1.71871922237679     
  0.721259282621876     
  0.767000602865841     
  0.431507059656797     
 -0.807915629419930     
  0.412953525506646     
 -0.483621611452651     
 -1.401239815258304E-002
  0.563568815237508     
 -0.173942408975927     
  0.126257690723951     
 -0.792288416811016     
  0.193915737734182     
   1.50511837479655     
  0.704353395828264     
  0.495034459835559     
 -0.662336709409714     
   1.55425870853654     
 -0.356947573741221     
 -0.133239968743816     
   1.03092392930881     
  0.399283307954082     
 -0.109599540944407     
 -0.463982587412818     
 -0.723269017750832     
 -0.986150921077284     
  5.333750585680953E-002
  2.364356510512041E-002
 -0.554882031919148     
 -0.982494522860068     
 -0.134910784870505     
 -0.588050224697576     
  0.395365262237123     
 -0.364104040303360     
  -1.06905046129914     
  0.748012976157897     
  0.742950315919948     
  0.855999886969306     
  0.337788648192731     
 -5.929475334287253E-002
   1.07314641662912     
 -0.867666310297325     
 -0.531199978385571     
 -7.438748346788544E-002
 -0.559943893237897     
 -0.667931629022650     
  0.291457730023407     
 -0.567832553374742     
 -0.991700845426214     
 -0.277974864181003     
   1.06197274906577     
  0.486669040457555     
  0.782733094655494     
  0.492724094161852     
  0.264803769433118     
  0.710160701262373     
 -0.105846379519044     
 -0.201560902833278     
  0.557420330630170     
  0.751902077170980     
  3.359025873493238E-002
 -0.509787841559069     
 -0.774570023869261     
 -0.676955660243651     
  -1.11252005687239     
 -0.889965298155457     
  0.326244218651418     
  0.397541488782661     
  0.536394256135015     
 -1.621582018522597E-003
 -0.338536629011503     
 -0.819888223100099     
 -0.329480917249984     
  0.771080188503879     
 -5.253739756606203E-002
  0.265263248975130     
  0.596055760840978     
  0.274665465859577     
 -0.754202563703349     
 -0.535408066978529     
 -0.145397360123630     
 -0.192111363381435     
  -1.30549645414096     
  0.586049151675040     
  0.307470041208383     
 -7.929949384648355E-002
  0.500678756527889     
   1.04873483508110     
  0.396912899426511     
  0.203641977769860     
   1.62076079273656     
 -0.795559435337844     
 -9.512087924299972E-002
 -7.058886101180461E-003
  0.322678467156906     
 -0.571395246754688     
  0.545161491825605     
 -0.263407154633482     
 -0.227017647210100     
  0.117928246158942     
 -0.762071517557775     
  -1.15772100175178     
  8.567476285357327E-002
  0.510352943079316     
  0.601674943102651     
  0.461854424051665     
 -0.134105526074720     
 -0.468027800203800     
  0.267599345771840     
 -0.328186209655521     
  0.329986894973080     
 -0.609591951986035     
  0.461143911784489     
 -1.991050502199256E-002
  3.448737729274066E-002
  0.371415454764283     
  0.334958518882127     
 -0.312506473576432     
 -0.598993133716949     
  0.959921343386032     
  0.576068560340187     
  0.754556188727586     
  0.397146837091345     
  0.331000920115129     
   1.13038838104206     
  0.434181496217047     
  0.483308062016866     
 -0.858408092353772     
  0.939783737738773     
 -0.123710506707502     
  0.344868495316717     
   1.11018646772040     
  0.453008443597856     
  0.573802641355668     
 -0.571150877797808     
  0.528387896851969     
  0.671808137574505     
 -0.331304632602230     
  0.780147028905471     
 -0.152285851275926     
  0.230716143065929     
  0.999289663962058     
  9.199065619811821E-002
 -0.807643275044756     
  -1.12284517657150     
  0.658342673967916     
 -0.476962228445390     
 -0.473629449211300     
 -0.751821848986158     
  0.763458877565774     
 -0.808494349326501     
 -0.238135030940167     
  0.581628934590584     
 -0.447809099069529     
 -0.657976969429785     
 -0.445917369897660     
 -0.766891228015140     
  0.583192002223699     
  0.121520488716078     
  0.582000603597693     
  0.290666440345446     
 -0.517962396995734     
  0.517444377178388     
  0.354144553404883     
   1.23630758601439     
 -0.259468614616500     
 -5.153265100201290E-002
 -0.622648361816326     
 -0.571537943813490     
  0.268341408519678     
  0.432811342662203     
  1.024146398691458E-002
 -0.544417360481702     
  0.429131890637736     
  0.757033366687584     
  -1.11403370860919     
 -0.739030209787858     
  0.477344429578738     
 -4.768318284349229E-002
 -0.165330163948113     
  0.116112385023448     
  0.798064798403060     
 -0.332448576130062     
 -0.789796379241129     
  0.299824884969159     
  0.794027617805030     
  0.170139230891441     
  0.474142741740792     
 -0.386947080097613     
 -0.548111999265470     
 -0.499028702511909     
 -0.139822346303751     
 -0.120394460220093     
 -0.320968873610170     
  0.198423015662042     
  0.221856717764771     
 -0.107093320750652     
 -0.967628220512649     
  0.524487625281429     
  0.429940574465956     
 -0.379929360862061     
  0.730082905164854     
  4.070476977084339E-002
   1.50896433447381     
   1.24373717134797     
   1.02995831690962     
   1.07226467145659     
 -0.153366239187777     
   1.10821224075013     
   1.04797745461004     
  0.297364939516986     
  0.246605908579014     
  0.383708476794333     
 -0.287163885566168     
  -1.26741942180032     
  -1.39725937770384     
  0.227416872019600     
 -0.330694125701001     
  0.776491630667523     
 -0.201317073450700     
 -0.756683070197259     
  0.375667798773535     
 -0.671572006820940     
 -0.789809861574630     
  0.225565422144741     
  0.846080304021716     
  0.594094515216596     
  -1.28753871307720     
  0.214135768969097     
 -0.247900263400746     
  0.654623146733288     
  0.328184206681172     
 -0.578313775814809     
 -0.389916481788112     
  0.599840589321410     
 -0.375546439768851     
   1.43190504315381     
  2.304385574124536E-003
 -0.798088343346500     
 -0.552156205675489     
  0.686519473302953     
 -0.994297834840058     
 -0.158121347133389     
  0.223807396824425     
  0.199161737267644     
 -0.560873810285324     
  0.486226908000091     
 -0.721171020845498     
 -0.251382193100009     
  0.246182919995913     
  -1.06211846859128     
  -1.50426742871346     
   1.50349868018599     
  0.197031018419396     
  0.290008506246478     
 -0.654151562730664     
  0.493402998993050     
  0.923469731176516     
  0.277049359838819     
  0.276969274721823     
  0.257257965794066     
 -0.713850820707964     
  5.555267822163983E-002
 -0.370010803589480     
 -0.171683911241614     
  4.690886598124572E-002
  -1.26283229636501     
 -0.286021566672411     
 -0.751971564397408     
 -0.579770884810546     
  0.372617758570194     
  2.293134133374814E-002
 -0.132687221964934     
   1.19191837822800     
 -0.532345522729984     
 -0.665257235811470     
  0.283034536505808     
  0.310612894183383     
  0.685906433866748     
  8.250689029833368E-002
 -0.683935995275477     
  1.235058664656067E-002
 -0.286621152035642     
  0.633427348100896     
  0.397351986150550     
  0.543977906416380     
 -0.807840431189733     
  7.037481524859274E-002
  0.421548097240584     
 -0.556549735833766     
  0.238411341855348     
 -0.331209392143650     
  3.337657433322298E-002
  0.938140192185800     
  -1.21594783733816     
  0.955379360392472     
 -0.712621122891966     
 -0.240574495669322     
 -0.119523445951788     
 -0.195942012524517     
  0.234500002855786     
  7.674948540457830E-003
  0.359876657211673     
 -0.546029916770223     
 -0.778554272931782     
 -0.336443268458584     
 -0.510543923949238     
  -1.41257067410769     
 -0.641426968323066     
   1.24031067249088     
  0.497705662974580     
  0.993517329873329     
 -0.818907912282479     
 -0.665275810227083     
  0.918867838580745     
  -1.92385004235607     
  0.229616815516659     
 -0.301439320809239     
  0.831737073325909     
 -0.524869648642623     
  6.134871650393287E-002
  0.194399062135502     
 -0.452555565124257     
 -0.566032974886879     
   1.01769253452654     
  0.273142456556183     
  0.990565794418588     
  0.423556069378805     
  0.316354542126377     
  0.358165629627366     
   1.08742235053537     
  7.000848728086259E-002
  0.305112282244895     
  0.528565765371911     
  -1.25430268850012     
 -0.535859404895172     
   1.75053907910684     
   1.27302079388726     
 -0.672424446299670     
  0.395699554537934     
  2.837834723062874E-002
 -4.771483114328324E-002
  0.538111871420965     
  1.446053076899486E-002
 -0.769313969684903     
  0.335200669813314     
  0.241886749794119     
  2.574643252899855E-002
  0.237582302645236     
   1.19029716283833     
 -0.375770357942569     
 -0.682434778447148     
  0.385481457034074     
  0.548027604232651     
  1.829142823700714E-003
  0.473137361534590     
  0.224911472752892     
  0.976772645583681     
  2.823734132076389E-002
  0.735933617161456     
  0.957569066163067     
  0.243049190541118     
 -7.196360804083554E-002
 -0.324302637021793     
  0.555241786412724     
  0.229921939601356     
 -0.101873197689902     
  4.327887911423180E-002
 -0.266378629481083     
 -0.975534438954538     
 -0.441315476981768     
 -0.483180718743044     
  0.862345839348434     
 -0.562697267193704     
  -1.00807850804072     
  0.113461930006482     
  0.486755244771735     
  0.611573859817529     
  0.306497501582532     
 -0.830670590905416     
 -0.373241543109425     
 -0.158794267493961     
  -1.29190575551358     
 -8.881756847104509E-002
 -0.975454076595389     
 -0.462589182360852     
  0.237948097171338     
  0.779451234101172     
 -0.870341773587104     
  7.084647195603450E-002
  0.657531381503034     
 -0.144600264921193     
  0.195394579421045     
   1.20694982415058     
  0.168848948759126     
  1.917321117132077E-002
 -2.397401710257758E-002
 -0.164369592056182     
 -3.832935039833182E-002
 -0.196844508381005     
   1.17715762725760     
  0.617030948301945     
  0.658429060743866     
  -1.13640218721546     
  -1.13044877354590     
   1.02548992698693     
 -0.513195434532265     
   1.31375102766853     
   1.00764421345764     
  0.312140481438080     
 -0.755617237333396     
  0.907289539546496     
  0.581697545405047     
  0.811988020056813     
  0.527159367444662     
 -0.126870239836507     
 -0.146141843042374     
 -0.545903427310472     
  0.487341137219629     
 -0.519982442972402     
 -0.648854344299757     
  0.296293643386987     
  0.183301776485463     
   1.01288928141072     
 -0.317896982829348     
  0.447405645396384     
  0.331393718653203     
  0.385415588030323     
 -0.879114978038542     
  0.142966434556124     
  5.912815192058573E-002
  0.338863104578886     
 -0.325380568842189     
  0.581520833568224     
  0.309914321157313     
  0.389388280602770     
 -0.471206166047854     
   1.04179602306848     
 -0.173830457908082     
 -0.850992530503911     
  0.153985827328244     
 -0.169800722289526     
  0.160195547120001     
  0.547187607188770     
  -1.05760477181539     
  4.113912245556304E-002
 -0.179000193869388     
 -0.178311528905324     
 -0.749262612988461     
  9.585963225378140E-002
  0.595481028357078     
 -0.432275316229712     
  0.473723105475766     
 -0.466221913413578     
 -0.477796556204510     
 -0.336961739248860     
 -0.762715450717360     
  0.549091531885804     
 -0.555924051178392     
 -0.440647681289781     
 -0.371903770913252     
 -0.884998101443873     
 -0.999655419890595     
  0.981598574568820     
 -0.231486448343312     
 -0.639357700783800     
  0.902474374422261     
 -0.155446759230988     
  0.475567681014985     
  0.208969021471371     
 -9.869800809705176E-002
 -0.941408028840425     
 -0.681453179079574     
 -0.537783044491722     
 -0.716032155701860     
  0.291785966843331     
 -1.082112851838483E-002
 -0.463289402617986     
  0.644120455339156     
  0.439245648280697     
   2.14081600963750     
 -0.531188196526095     
  0.163976538364920     
 -0.637932201801208     
  0.912415749217577     
  7.023637036580718E-002
 -0.322706992482741     
  3.371076050069975E-002
 -0.552727554061135     
 -0.709893059537255     
  0.418514099867175     
 -0.693173809385091     
  0.713798701320705     
 -0.377547334995163     
   1.52496739349677     
  -1.76587374559980     
  -1.38371790592946     
   1.41117081453199     
  0.529503550896823     
 -0.285991801006972     
 -0.579568787124164     
   1.54806672515106     
 -0.559132879718104     
 -0.646039296656708     
   1.92442409178781     
 -7.451013141953421E-002
  1.842045102724888E-002
 -0.435272618085563     
  -2.30533981232929     
  0.324452599848840     
 -0.548905724428666     
   1.24235645743267     
  0.519437551871617     
  0.931458196619011     
 -0.181230451623511     
  0.314641475453716     
  -1.44862053797109     
 -0.454961776898072     
  0.123511800439393     
  0.759458484925677     
  0.116407636743374     
 -0.744100227047561     
 -0.767327919543825     
 -0.378968841099095     
 -0.503244863177168     
  0.344198581724124     
 -0.375331246285792     
 -0.693016006195120     
  0.868496061096250     
 -0.972156888504571     
  -1.66955765918047     
  0.413322558870327     
 -0.955110657252387     
 -0.408811949956950     
 -7.305655292289376E-002
  0.863197432956719     
  0.216057059539007     
  -2.02533400072564     
  0.776249543989256     
  0.596136668517530     
  8.332833466281286E-002
 -1.803815384705727E-002
 -0.917103535916208     
 -0.421973807074968     
 -0.368240473194742     
 -0.420142011739323     
  0.890822313406533     
 -0.331349644212665     
   1.22804025976161     
  0.907547374888305     
  -1.20554591016652     
  0.399666844370332     
  0.141112429321079     
 -0.590075598624731     
 -0.215156644983975     
 -7.551031506420183E-002
 -0.499283133613973     
 -0.577120654538259     
   1.00764729899955     
 -0.248689645365928     
  0.105827185732345     
 -0.225428078683959     
  0.414828923734759     
  0.694929570002955     
 -0.662962975635053     
   1.49343636071813     
  0.226421417133819     
 -0.592063435032255     
  0.202592521685097     
 -0.853817713602039     
 -0.546301060316754     
 -1.032047840728855E-002
  0.355537010059903     
 -0.147283449778276     
  -1.03115942079711     
 -9.478141927026117E-002
  9.920917579035553E-002
 -0.172861374006044     
 -0.339260959273316     
 -0.424934475752845     
  0.441208794352580     
 -4.324810340916992E-002
  0.155018070041859     
 -0.187649917911265     
 -0.604756193283413     
   1.29108915819356     
  0.291678951818021     
  0.565143174786087     
  0.108893460106253     
 -0.287404276810009     
  0.284183975875354     
  -1.55813772798025     
  3.263977083365281E-002
 -0.593842108590668     
 -0.416137379911413     
  4.749880035865767E-002
  0.919239728083809     
 -0.967665745541168     
   1.46160020359481     
 -0.195003677839884     
 -0.278955908802647     
 -0.678699294100834     
  0.900941579654797     
 -0.916165546506237     
 -0.147514054872137     
  0.647787477963489     
  0.465015864257244     
 -0.267358513173346     
  0.893837306926378     
 -8.390804763928143E-002
  -1.41648197273033     
  0.676365405979457     
 -0.538004736468289     
 -0.163307132235168     
 -0.589757559881593     
  0.508495135720140     
 -9.230694797727462E-002
  0.269431354132844     
 -0.400339171521652     
  0.118893883875396     
 -7.105107845252066E-002
 -0.141995368963383     
 -0.497195963716657     
   2.55314851925521     
 -0.874430394185674     
  0.642154402426401     
  1.831269899408436E-003
 -0.980355873927525     
 -0.570757637187511     
 -0.563853664127384     
  8.452201351142316E-002
   1.02582897681713     
 -7.822375579207799E-002
  0.550710430297111     
  0.245937313690900     
  0.568448481522664     
 -0.870996685958930     
 -0.422534099897238     
  0.287459172821143     
  0.676842641077055     
  0.720355436671126     
 -9.710097084646008E-002
 -0.582289577125974     
  -1.30184811873406     
  0.253309046097655     
 -0.747417522190534     
  0.232928210925405     
 -0.307915679746751     
  0.399437017712269     
  6.640753567844782E-002
  0.160499982828140     
  0.975369814214304     
 -0.493754849447950     
 -9.471829185917853E-002
  3.649159895351870E-002
  -1.93383766428577     
 -7.490705189332787E-002
  0.400833452056008     
  0.600255327620066     
 -0.193765709672753     
 -5.110477159619523E-002
 -0.237325964432253     
 -0.200963651346255     
  0.499557900899140     
  0.576341250354316     
  0.161666381112305     
  0.545895543641576     
  -1.14416831975271     
  0.494357696637629     
 -4.956167916491862E-002
  0.389489698960887     
 -0.477979973287447     
 -0.972387724672019     
 -0.289771732104622     
 -0.714571097610193     
 -4.056543449876127E-002
 -0.606923363512820     
  0.336117261894419     
  0.256839730109284     
 -0.470979701224101     
  6.033794373984486E-002
  0.116291445947968     
  7.674644960945468E-002
 -0.375317661051920     
 -0.549454176393882     
 -0.102432051017054     
 -0.113185135711381     
  0.884011659912276     
 -0.764919208643885     
  0.310683951723794     
 -0.439191545737810     
 -0.129342490960036     
  0.600967961814695     
  0.362275704591726     
  0.104002403120174     
 -7.296293862864091E-002
  0.526735089571952     
  0.753264478191074     
  0.121292922913783     
  7.046066741746175E-002
  0.274732021111461     
  0.161184837365876     
 -0.421926720977538     
  2.792541712495283E-003
  -1.42432750270057     
  0.839288739987300     
 -5.879758169229629E-002
 -0.280561475353552     
  -1.31769441335484     
  -1.37884604245046     
  0.647544959658207     
  0.201149831817742     
  0.279726329041915     
 -0.575870771966687     
 -0.189501714486200     
  0.210212708452980     
  0.477225598212796     
  0.637143865033333     
 -0.901173195895812     
 -0.754915028685587     
 -0.704557366445302     
  0.633074760079067     
  0.727799885093194     
  0.247255501340321     
 -0.799103793344222     
  9.002885291443405E-004
  0.195762940644912     
  0.431158200688344     
  0.839530203791008     
   1.26445521033514     
  0.432163750005779     
  7.348085143229825E-002
 -0.603323613247053     
  0.554079738305963     
  0.373683793725073     
  0.907034126943119     
 -8.971333621784917E-002
  0.295107458746593     
  0.179752420931846     
 -0.339493667140906     
 -0.170114038157996     
 -0.240974798588783     
 -5.188367597160890E-002
 -0.569355790903089     
 -0.134494976756583     
 -0.706861654723745     
 -0.478106550184045     
 -0.981526968608180     
  -1.03711897647826     
 -0.274934715490300     
  0.368320141965553     
 -0.321168480083053     
  0.632418237044519     
  0.248899395364217     
  -1.40563296131953     
  2.625486148196859E-002
 -0.137863080281152     
 -0.216607488723477     
  0.948645542701520     
  -1.28429178773086     
  0.283397262136367     
  0.468995539239657     
 -0.667732576213052     
  0.507582057473010     
  0.791712904586983     
  0.142759516037531     
 -0.133188789814864     
  0.401789087358070     
 -0.315017181703553     
  0.122337988325660     
 -0.153916418882911     
 -0.242307875536994     
  0.207813560089262     
  0.455842638288797     
  0.371904411512141     
   1.01634049708154     
 -0.353674478127471     
  -1.21702033161464     
  0.653998921023368     
 -0.502906113836278     
 -6.488928544291128E-002
 -0.276400646467686     
  0.700791453200409     
  -1.56798451131110     
 -0.221857862188568     
  0.321536938209932     
  0.701747235310696     
  0.568535515145854     
 -0.488749875561975     
 -0.493475355197401     
  0.829173462275413     
 -7.529989248704175E-002
  0.818645794338146     
  0.119341572824750     
  -1.45744918454888     
  -1.91047133456547     
 -0.902593639169173     
 -5.483166027507939E-002
  -1.92609867190651     
 -0.216454441834881     
   1.73184685611891     
 -0.414081367535117     
   2.09669622401874     
  0.200989743873941     
 -0.668855323128173     
  0.982177345764383     
  4.995261282303489E-002
  -1.01283521951371     
  0.595299884019386     
  0.588875568577679     
  0.560085576714293     
   1.23651908183304     
  -2.96858445198000     
  -1.93318039291740     
  0.379646417737612     
   2.36857996769012     
  -1.78247209838376     
   2.33014080503055     
  0.554632185207864     
  -1.70794345161133     
  0.991320210372960     
 -0.775538292678293     
  0.315557445607978     
   1.55448877116730     
  -1.63326779783596     
  0.701361787186396     
  -1.15674169444020     
 -0.629471756348105     
  -1.00454654557276     
   1.34269313209685     
 -0.976454250666882     
  0.951764919043292     
  4.763226411028791E-003
 -0.426826613784049     
  0.260550090512109     
  0.116646084592103     
 -0.275526413192553     
  0.113015747233834     
  0.623594856443609     
 -0.545607634276921     
 -2.794181529509101E-002
  0.107955033312231     
  0.361400847665765     
  8.995340134368307E-003
  0.961829792348113     
 -6.762759807719131E-002
 -0.888795467793945     
 -0.340063556550707     
  0.602076128833853     
 -0.139984368223827     
 -8.536429113160816E-003
 -0.372538823571548     
  0.241277877674384     
  7.172416314232048E-002
 -0.380917656599449     
  0.562964853799052     
  0.500555493149746     
 -0.747455517222168     
 -0.337652359742167     
 -0.294789930643154     
  0.297172507742209     
 -0.547412178615728     
 -0.538133473384462     
  0.196142497778739     
 -0.380373332253233     
  0.294826561172635     
 -3.589122383524333E-003
  0.706349854800691     
 -0.452559577910513     
 -0.359999590957692     
  0.325048340341651     
 -0.789336009700443     
   1.12774291790528     
 -0.266485376047573     
  -1.17726426047964     
 -0.272501197392082     
  0.583824203924804     
  4.074371321534897E-002
  0.298723831554871     
  9.613617216121473E-002
  0.462371247481793     
  2.332279292209193E-002
 -0.825187062325685     
 -6.024496812759213E-002
  0.800489940654922     
  0.291241008688979     
 -0.439257616103109     
 -3.762887675245823E-002
  0.230941872213586     
 -3.339089074926513E-002
  0.443955767386968     
  0.391263234817751     
  4.367139798242071E-002
 -0.305376586543279     
  0.488519070350385     
 -0.524754609370485     
 -0.726465526977299     
 -0.431857665879333     
 -0.117369122064595     
 -0.763800868760624     
 -0.243538347108303     
 -0.317259581590558     
  0.121281814156756     
  0.525307525611717     
  0.131886038844035     
  9.456852961787007E-002
  0.239351314983158     
  0.530685142469687     
 -0.763679209452834     
   1.38157153388586     
 -0.116444889672154     
 -0.705002156375341     
  -1.83628139734157     
  0.956391907703096     
 -0.486910648821560     
 -0.797925778110852     
 -0.546291723571225     
  -1.26012733241668     
  0.100235905248892     
 -0.679451311867118     
  1.497346353257271E-002
 -0.200830557163392     
  9.403270006281533E-002
  0.912708591891170     
  -1.28824416371535     
 -0.318325836281292     
  0.936401386834416     
  -1.01215129618101     
  0.787829499905832     
  -1.50620186303621     
  0.145055561296285     
 -0.654600325260293     
  0.389695456550635     
  9.845648256001881E-002
 -0.897638584048077     
 -0.429699659734573     
  0.972590940463100     
 -0.782567361932918     
  1.647405582181460E-002
   1.02839046884936     
  -1.40666086625977     
 -0.195594900673340     
 -0.915684156580917     
 -0.265213426447059     
 -0.546600859088008     
  0.276763366607509     
  5.864689188224784E-002
   1.42601128753354     
 -4.798247174216065E-004
 -0.363025735987532     
 -0.552576848065234     
 -0.489081936120745     
 -0.566579849234085     
 -5.415938432302821E-003
  0.691439432832911     
  0.613565391253151     
   1.74331229268149     
   1.17154376730653     
  0.261014147724203     
  -1.09371472645238     
   1.27140878986284     
   1.21812309084691     
   1.38156141879428     
 -0.629582800355063     
  0.590675627997581     
 -0.820938992605568     
 -0.325817446889982     
 -0.280889141365412     
  7.171767841642902E-002
  -1.20245644263604     
  6.776582899357035E-002
  0.346132295048844     
 -0.143443558569740     
 -0.122353361852041     
  -1.02871268199856     
 -7.319303122580438E-002
 -0.351003209386592     
 -0.155024655925540     
  0.378481892641558     
  0.256768370412842     
 -0.471798414728420     
 -9.506784548346228E-002
  0.402586428434385     
 -0.704445750507103     
 -0.400108484717578     
  2.111843786778328E-002
 -0.917422198617651     
  0.305290204111259     
 -0.104855354421492     
  5.985750601811422E-003
  0.416090271723233     
 -0.392184579007508     
  0.755559175561653     
  0.952029027965825     
 -0.319795754879202     
 -0.436616169879373     
   1.54592811272645     
 -0.111345690192777     
 -0.489335760667850     
  0.783759137750646     
  0.402895917463574     
  7.908779757079688E-002
  0.325104787108299     
 -0.333552456247717     
  0.334612502031388     
 -0.446630832724608     
  0.469029475538452     
  0.879202022330007     
  5.939329975348212E-002
  0.925483627614343     
 -7.022173875196980E-002
  9.131376250287399E-002
  0.323767634672663     
  2.902804966300816E-002
  0.657765462884548     
 -0.592998785758157     
  0.320854294964215     
  0.768158840375290     
   1.30297083886694     
  0.215990586562253     
 -0.561888999515811     
 -0.633386674081582     
  0.336958660992411     
 -0.279260179545887     
  0.294997576678813     
  0.543046606289000     
  0.222535834134408     
  0.358136584784644     
  0.676848321566339     
  0.315317270428038     
   1.15813754970562     
 -0.923229682150372     
 -9.929837054341407E-002
 -0.555071349107830     
 -0.379163675504504     
 -9.587821614011291E-002
 -0.769517928896011     
  0.615581186163323     
 -0.315254372014223     
  2.514628858053554E-002
 -0.422499286555530     
 -0.278421337012903     
 -0.212466217125327     
  0.537653561376108     
 -9.123472532725571E-002
  0.364074000617132     
  0.135408577203233     
 -0.250556074602233     
  0.132745651865278     
  0.144038455978599     
 -0.350106067808642     
  0.526421916639319     
 -0.628275967908820     
  0.282307146675095     
 -0.112646111856024     
  0.140434643861828     
  3.049065734195108E-002
 -0.619585452451100     
 -1.800712669229102E-002
 -4.484999154295703E-002
 -0.213498254886345     
  0.920516526828895     
 -0.416538701113628     
 -0.760043984243226     
   1.53755151138319     
  0.371752414610603     
  0.384396636087861     
 -0.833581090588015     
 -0.477169700174538     
  -1.00865894780500     
  0.206559866875610     
  0.382266695303093     
  0.218425419073118     
 -0.121583452955148     
 -0.227398852026764     
 -0.169889340100170     
 -0.347692819009918     
  0.620191441241305     
  -1.22926296173865     
 -0.383569942057848     
 -0.373562026604803     
  0.606525658943715     
 -0.601499950202061     
 -0.279414935968742     
 -1.925387577671001E-002
 -0.833236093161171     
  0.666853345385378     
 -0.755197624409550     
  0.492568490665010     
  -1.04788226258384     
  0.429119441925775     
  5.560848211288322E-002
 -0.682324260550388     
  0.371287887312948     
   1.29480662650001     
  0.229034724171476     
  0.619836302038793     
  0.763977948355360     
 -0.322891966907266     
  0.611525644640174     
 -0.891645080780552     
  0.311686114407245     
  0.217229562419842     
  0.942665957339056     
  0.162895702945980     
  0.750503767899819     
  0.378474078437106     
  0.397850675860430     
 -0.468686000860659     
  0.698010963351652     
 -0.533905250848405     
  0.431826386346022     
 -0.822324646630848     
  0.638325380938358     
  0.823459141712726     
  0.641355809407925     
 -0.633781747632253     
 -0.423012262908666     
  -1.37774093877479     
  0.285560007350405     
  0.123090831889845     
   1.31321624796602     
 -9.653123797630872E-002
 -0.296366659253236     
  0.158369706488789     
  0.683173598602288     
  0.274046123327543     
 -0.993795561590019     
  0.413761919479207     
   1.42052850517762     
 -0.127752082564710     
 -0.632924425004257     
  -1.27422945516693     
  7.019708613774701E-002
 -0.413682571424246     
 -0.386519618143808     
 -6.669570716660130E-002
  -1.55088886030534     
 -0.522766981392925     
  0.333774081768078     
 -0.174173375518419     
  0.505087027152014     
 -0.547017304775537     
 -0.226332349286788     
  0.563685106931050     
 -0.739549268458615     
  0.302062707724432     
 -0.483838960277003     
 -0.494066667897795     
 -0.447030139663624     
 -8.661563371135898E-002
 -0.712960421151331     
  1.948932532896885E-003
 -0.719857480386392     
 -5.550566907138383E-002
 -0.925470588934172     
 -9.333727889589874E-002
 -0.231369676473305     
 -0.149327466984574     
  0.616621591708246     
 -0.428704881456388     
  0.589786623900318     
 -0.450675003124193     
 -0.290236578504841     
  0.231679229179457     
  0.639624762056380     
  0.892924899891982     
  9.552259358229304E-002
 -1.945238964780545E-002
 -0.546869430357830     
  0.407353468585761     
  0.955233572462489     
 -0.466211995034080     
  0.455473488166090     
  0.553822085159873     
 -9.564348544631712E-002
  -1.00621167508736     
  -1.61597963158014     
  0.937319246723545     
 -0.413953634155052     
 -0.470486231505271     
  0.280805157774888     
 -4.426189942784397E-002
 -0.579803754225957     
 -0.495937201090467     
   1.70989683493558     
  0.216092956106024     
  0.212664394145177     
  0.972682928000769     
  0.292455116943376     
 -0.702000348663518     
  0.152213455487826     
  0.149211291097571     
  0.767860909680641     
 -0.374418070302362     
  0.135301848769156     
  9.222066964933524E-002
  1.622894511464638E-002
  -2.46504124558685     
  0.500098526011892     
  0.719553447198759     
  0.574101897124776     
  0.451707908144757     
 -0.210149911153818     
 -0.760163180594432     
  -1.45840022137548     
  -2.08384796026292     
  4.129740748493201E-002
  0.120639944461260     
 -0.168673580814184     
  -1.05880916677252     
  -1.37371025138027     
  0.243269710856990     
  -1.03450321615804     
 -0.545808699443539     
 -7.041100542909273E-003
  -2.13726595544702     
  -1.21645241461452     
 -0.587190740424300     
  0.284833832345004     
  -1.06753370217007     
 -0.901420928288218     
   1.22811651701503     
  0.143085947860533     
  0.632756929512791     
 -0.798391196808652     
   2.03027564638926     
 -0.725751112221455     
  0.252077679213981     
  -1.68054888586816     
  0.290416917497034     
 -7.636239305429016E-002
 -0.595340759767261     
  0.177641215086659     
  0.607383249190828     
 -0.438780478955841     
  0.368557476392196     
  0.325319807739835     
  -1.49877977694988     
  0.648031662890514     
 -0.173150825108935     
  -1.39044604865275     
   1.73088452723979     
   1.79313121637947     
 -0.832122915462605     
  -1.37236780697942     
  -2.39222263255956     
 -0.152519053511192     
 -0.934469276658829     
  -1.08068768307949     
   3.14602719020422     
   1.16230198101577     
  0.962919871494642     
  0.666128273000134     
  0.684677589665025     
   1.11746586207197     
  0.462819603044608     
  0.434143169706000     
   1.51974067088524     
  0.911341818303735     
   1.06694492454543     
  0.792942765883189     
  -1.20350157189306     
  -1.13678747065541     
 -0.770376996569759     
   1.68068057479629     
  -1.61492760766572     
   2.68669655600084     
   2.50133588135806     
 -0.936343583060890     
   1.28042677574193     
  8.155511098794725E-002
  0.550533904512943     
   1.76168980807180     
  -1.98202349988915     
  0.260307984798168     
  6.941375407483585E-002
  -2.15204953041690     
  0.151494636143326     
  0.597612998092722     
  -1.47617907179602     
   1.30664412373644     
   1.98806425300779     
 -0.666724033583172     
   1.06398848792141     
 -0.692221656367776     
 -0.582255011581255     
  0.507784372525314     
  0.153238927038874     
  0.386230207666110     
 -0.636573467334771     
 -0.343188929595635     
 -0.212629641012713     
  0.330710275255037     
 -0.819541834602160     
  0.221930250849717     
 -0.246739817534950     
 -0.241055973519796     
  0.278552580016246     
 -0.808539222486556     
  -1.18632832023066     
 -0.476089540346315     
 -0.419310159056425     
  0.243338314013664     
  0.484100538790324     
  0.300575917367032     
 -2.379142225570132E-002
 -0.515419141406691     
  9.702427807659014E-002
 -0.423267775650127     
 -0.421856612741986     
  0.871567383589292     
  -1.37076637845211     
  0.782267409509687     
  0.750194877424662     
  -1.66008699508826     
 -0.610151685597258     
  0.549080310297205     
  0.205116161504434     
  0.262805567121060     
 -0.407165181413281     
 -0.828804105805600     
 -0.131932849249225     
  0.252039203308845     
 -0.393366532020097     
  0.123373629809929     
  0.315423803069164     
 -8.221271638467130E-002
   1.05031475394886     
  6.121664453957870E-002
  0.258741709938957     
  8.210407573675457E-002
  0.156456600859801     
  -1.34425082031335     
  0.191779147992026     
 -0.186667836733439     
  0.210563281146767     
   1.02176113523118     
 -0.293159204566799     
 -0.122057001415228     
  0.854596637313787     
  -1.55613693048014     
  0.481398154543811     
 -0.102231965568837     
  0.380382305891372     
 -0.373054545787390     
  0.456777822612963     
 -0.401996305636732     
  0.189178516169961     
 -0.781378519788885     
 -0.227467430499142     
  0.780937694956436     
  4.406807265522983E-002
 -6.917086817784884E-002
  0.338040745270069     
  0.741287954946600     
  0.942265496575822     
  0.881050407132125     
 -0.230754105559526     
 -0.335371080290329     
  0.490681844324590     
  0.867956771259063     
  0.243075883185344     
 -8.721216162744229E-002
  7.240213225625450E-002
   1.28988845003160     
 -0.857210781916705     
  0.491773309274752     
  0.833151252210055     
  0.346810262429052     
  0.210592245941331     
 -0.201651672137507     
  0.104199346049303     
 -0.314613064366075     
  3.281489512442656E-002
   1.27211067609728     
 -0.609722113075889     
  0.461789975212877     
 -0.348211238640415     
 -0.440297365542200     
  0.395947923096775     
 -4.251679587686721E-002
  0.315420877078208     
 -0.383092481065416     
   1.46262630082609     
  -1.19992717389097     
 -0.125976364856338     
 -0.371250123065879     
  0.222803551348192     
  0.388664849217447     
  0.327765842518654     
  0.119147081229606     
  0.851821392736903     
 -0.989326418995025     
 -0.175834182862940     
  0.357592504762203     
  0.675698369771965     
 -0.523045543042186     
 -0.286705048836371     
  0.384479077148751     
  5.831445357952093E-002
 -0.184431802608986     
  0.723082051299433     
 -0.549899043935278     
   1.03292715667309     
   1.14874126978034     
   1.45169215045802     
  0.124399926453319     
 -0.878523903626833     
 -0.317823318642799     
 -0.489171614980001     
 -0.288372706791530     
 -0.776220224936488     
  0.159266738630581     
 -0.152787621588494     
   1.81347413120012     
 -0.725631812502438     
 -0.475969720213955     
 
  0.685929813161984     
  0.411389231558475     
  0.443767084856364     
   1.07284513295753     
  0.369318995253489     
   1.11382243637995     
  3.841677827870743E-002
  0.362021205479729     
  6.169543739987199E-002
  0.405830452816395     
 -0.316997046582189     
   1.12862028911612     
  0.706115724908187     
 -0.204171859998998     
  0.243332294024489     
 -0.389589003740952     
 -4.794470903670726E-003
  0.277699318661360     
  0.513975153599484     
  0.457232815849180     
 -0.432497924082896     
  0.930184039404625     
 -0.420249408581423     
  0.199517683730573     
 -0.672366305360758     
 -0.418936465126419     
 -0.543660544437158     
 -0.723441650878822     
 -0.345221718826281     
 -0.950620927476930     
  0.465865492305892     
  -1.61761209094180     
  0.502136445038885     
 -0.138927312017703     
 -0.873906993120912     
  0.331399788767925     
  0.424023101898720     
   1.32911365290593     
  0.369641748357355     
  0.618169798388379     
 -0.339127569366338     
  -1.99344232403896     
  0.637093028464988     
  0.583488372330871     
 -0.897829489993723     
 
   3.20282781973352     
   1.65255922921952     
  0.198936430668648     
  0.394666535971848     
  0.210475874499018     
   1.25724081019156     
  0.481193469618482     
   2.38810611438488     
  0.937990946456020     
  -1.44329854856489     
 -0.238039747693720     
   4.29995567880583     
 -1.650095196534660E-002
   2.70373048230295     
 -0.124068127897121     
  -1.85745992502195     
 -0.330738270210049     
 -0.856297170098307     
   3.66421992924425     
 -0.698224626560220     
   2.99202692670569     
 -0.379030171684224     
   3.02076692243080     
 -9.491036947859697E-003
  0.701588811960450     
  -1.31909649149360     
  -1.97785764096105     
  -1.63972871340884     
 -0.898716715848853     
 -0.934631704357843     
 -0.730726396443278     
  -2.62662355106160     
  0.550287421333656     
   1.63071375561971     
  -3.34033840224511     
  -1.04054187309678     
   1.44815427894242     
  0.922539264837231     
 -0.674693535575048     
   2.16824572076166     
   3.73679851190459     
   3.86616775857497     
  0.208744670618953     
  0.724189598282719     
 -0.890028352544373     
 
   1.43518441816220     
 
  0.760135800000000        1.20286800000000     
  5.455654000000000E-007  0.627723400000000     
  0.537499800000000       0.850556800000000     
  3.861212000000000E-007  0.443910900000000     
  4.772190000000000E-004  0.588439200000000     
  1.522226000000000E-007  0.319699500000000     
  1.228028000000000E-007  0.319764400000000     
 
  -660.516381000000        22688.8875580000     
 
  tansig  tansig 
   7 - 45 - 45 -  1 
rmse=   3529.9124 meV
