                 -1.83051610938506770232
                 -2.00734238752834492914
                  1.37216787758397229524
                  1.51665660216884679024
                  1.59098176075648245487
                 -2.32772187171041755605
                  1.60408462909659865758
                 -1.28028455365379634223
                  2.26517280900946849087
                 -1.33994870372678143156
                 -1.17371700386767252589
                  1.11786633104734178801
                 -1.16197563994070751647
                  1.15167888219253922166
                  0.99202169706525933357
                 -0.80750852008688356332
                  0.61550575423247622098
                  0.69559483742554872876
                 -0.59886110802298175848
                 -0.64743880362324757183
                  0.94310701866757196132
                 -0.35382452953426074549
                 -0.46893964423589579171
                 -0.95670418641508747637
                  0.05826808950094045092
                  0.29358550451142356730
                  0.40253403125530295981
                  0.11721366862510433637
                 -0.30186652638324029674
                 -0.44083638048764728357
                  0.32711840624764032537
                  0.16422538253595420077
                 -0.49775553208741363242
                 -0.00792791873148443460
                 -0.37595095173364151409
                 -0.48707922116218860253
                  0.55521096819354731622
                  0.76762792605762875109
                  0.42025024822558637583
                 -0.73559950758292036443
                 -0.42562424789109309931
                  0.48070255175642850887
                 -0.68597486728318690652
                 -1.06038047385881850637
                  0.97586201177581999300
                 -2.24306846450532715309
                  0.86651937939350265339
                 -0.91582729821165886896
                 -1.47524700924212748276
                  1.29487107203522522347
                 -1.29655962842259220302
                  1.30939909454395242427
                 -1.33061895152146481003
                 -2.44644715103444099213
                 -1.55772374408407388025
                 -1.72175044531756027411
                  1.63302793950503088993
                 -1.55441045189374138502
                  1.64027971361706748077
                 -1.80463008333279573137
                  1.48057082862882660734
                 -1.52630354520398081597
                 -1.35082616666539667705
                  1.36053775770420348756
                 -1.25060689362805321778
                  1.07244170897169532886
                  1.23213298639079615882
                  1.11650262972242253490
                  1.09907350409872806019
                  1.04902407930123353630
                 -1.02006514032858208729
                  0.99454392398203550485
                 -0.89746813915769041436
                  0.76036147842598778013
                  0.86254691271120587093
                 -0.64006322615457789116
                 -0.54867714089055930060
                 -0.74141205400732934638
                 -0.59464107831978241236
                 -0.46188893247616569226
                 -0.47445981561081984612
                  0.41882130940337619629
                 -0.59802290188416762362
                  0.39738717630457193186
                  0.35237015886782446783
                 -0.24776083118061206778
                 -0.22106562743191524034
                 -0.25902546657145075759
                 -0.14908666952100849135
                 -0.19768175024823447794
                 -0.00997956886011156646
                 -0.10659678347604624460
                  0.22645732090433412509
                  0.12642060267418961383
                 -0.31150434027304663154
                 -0.39504266117248443280
                 -0.35113792493705331399
                  0.32824780774465101008
                  0.50870920412251874332
                  0.43926683112971165457
                  0.47625729338304251259
                 -0.58561480216158079415
                 -0.58965498162343266131
                 -0.64474457024639031388
                 -0.84230315895181662178
                  0.79502202174097080789
                  0.86746439829573807057
                 -0.86938840819393914394
                  0.84344242479307640625
                 -1.03008654920328424076
                  1.00353174316404891719
                 -1.13896134838954221635
                 -1.08215842791717564708
                 -1.14493256276566879315
                 -1.27043750119611398297
                 -1.31709810245842673382
                  1.29196458301981675909
                 -1.42425013709027936670
                  1.36273989159721087283
                 -1.51009655242256313201
                 -0.31234657438286062003
