  -10.924711491626670     
   6.4822004155626267     
  -9.8926895669742372     
   136.59896474278298     
  -19.773127645273817     
   60.397596865132890     
  -34.883802308985196     
  -10.402228433218706     
  -72.448571277267277     
  -50.119677265042000     
   16.425882868600780     
   38.305421108602587     
  -25.845267193971488     
   8.0246529129179720     
   44.480961636202409     
   39.559508003358701     
  -77.244680506129470     
   114.02816741961811     
   164.07393988083615     
  -91.601272633238580     
   55.318819320729069     
   18.595939731930308     
  -28.751370326221501     
   17.995096352208737     
  -164.91808401632420     
  -85.523453283594762     
  -15.662806556297291     
   82.296136093535722     
  -305.99336417096163     
  -107.50188062867196     
  -281.14747491225796     
  -264.66317770706263     
  -24.660943698452506     
  -74.188235138787348     
   93.126650015475235     
   23.814635407690332     
   167.65325408253130     
  -23.465049602931657     
   32.141867273327748     
   31.632767149521150     
   241.55048435200058     
   195.67224394014073     
  -233.76191095737852     
   2.6336329434795402     
  -391.07442326951855     
   248.03248557020606     
  -247.91971659574506     
   127.76493637802831     
  -240.74231544493529     
   242.27923426896172     
   233.41241108837283     
  -365.46114105578289     
   82.220119151152815     
  -289.42190814060996     
  -100.06046372979833     
   55.994430390977641     
   237.74294677358284     
   312.21719826286215     
   478.72199849386709     
  -43.769385750353322     
  -26.940512512068722     
  -162.70353270628408     
  -159.57574472814443     
   363.64574766355958     
  -283.74741413638827     
   70.867212944454820     
  -2.6017894262667483     
  -714.82688811116350     
   110.13789743313583     
  -346.13838083252358     
   254.21835025464424     
   10.219394070280458     
  -325.86131679233222     
   69.474213394855553     
  -153.74938495745164     
  -450.80602276357655     
  -367.42398793484398     
   663.85966276486351     
  -231.84644812686867     
  -198.22031927719812     
  -290.75239562802892     
   250.18079604513747     
  -153.35205002454052     
   220.86904466920868     
  -230.73038249907546     
   100.39722884931010     
   439.33777431175656     
   160.38299951935443     
  -80.527045188773258     
  -226.58090245003066     
  -105.23159512954842     
   42.940621041360984     
   198.94759978213887     
  -1.6739328917456575     
  -60.658318506165813     
  -7.9881793558435987     
  -35.600163646684763     
  -172.17382868870629     
  -145.74848556211830     
   96.426280191770729     
   286.06289218116973     
  -5.0287988576891536     
   52.843986812141154     
  -60.737270216647062     
  -58.715704862100381     
  -87.992941254669745     
  -296.30934134689755     
   267.06294676620342     
  -253.15123647706358     
  -135.11433305009774     
   312.56473205755657     
  -90.578462410389434     
  -19.741459068407721     
  -994.68597484162717     
   387.89194002947147     
  -186.56111165295420     
  -150.64417644223846     
  -15.856222951515580     
  -756.07822856595840     
  -716.13927968612848     
   678.30930288287209     
  -44.569568039197179     
   171.10806147667205     
   106.49968897307697     
  -137.22563725024639     
  -267.33162272354525     
   242.78827690280701     
   280.07158391096249     
  -656.44735361228174     
   278.01737322930757     
   320.08649867685494     
  -426.42524431563987     
   181.68867257453746     
  -97.303767334631431     
   916.43451670595482     
   406.07126999029987     
  -654.56491610725709     
  -107.80802806659489     
   962.48746455676655     
   870.17055521481575     
   163.42635014726892     
   439.27934073788595     
  -377.65182628870559     
   347.16544122676282     
  -66.445908857038944     
   107.54100295318611     
  -210.78858762912625     
  -1045.1730776795580     
  -630.47191075853880     
  -202.65806336075724     
   137.27677956070721     
  -281.06379593237511     
   792.81569252415613     
  -478.64811220324077     
   63.630471352715034     
   654.76119921041402     
   395.54792774212359     
  -246.08693931762264     
   266.66688316710417     
  -1020.0915862228297     
  -514.92532279127624     
   194.52612848351794     
   634.52948452674264     
  -67.528965302425064     
  -648.38945987949296     
  -1940.7312523254950     
   1186.1079440933406     
  -1181.9590746243653     
   1159.8532106713071     
  -471.35554023976925     
   1200.6015329052543     
  -588.39436069020167     
  -755.96157678598854     
  -70.525833756420298     
   109.77666775000557     
   527.20114225361021     
   260.24104873749445     
  -534.44391849934493     
  -615.61077708602352     
  -470.61925094760517     
  -655.09416534678655     
  -54.192328146189595     
   719.52398547765142     
   164.27772626963565     
  -1082.4293788634782     
  -163.57974652561461     
  -1067.5181593344792     
   1205.0275602284255     
  -178.21449908168518     
  -375.26324026492028     
   911.40486014265900     
   56.096335079807943     
   651.68927159863074     
   698.64971650704842     
  -429.51347950320468     
  -301.74542508077474     
  -368.07798348789851     
   394.80004827682808     
   528.38749303357008     
   66.281567388838141     
   209.79551662577171     
   304.35964305579591     
  -668.26094254360942     
   654.02845773159584     
   56.980968832945820     
  -944.58413525468552     
   803.21894986017992     
  -1557.9022129288796     
   154.55103095523179     
  -77.051321918161648     
   524.52278135829943     
  -1166.0836561578990     
   258.42549675748990     
   818.20354823907701     
   432.85895635443256     
   844.13076155537476     
   461.34666516971436     
  -56.182971328969302     
   392.17720278398735     
   919.26649638157051     
  -704.78847082085326     
   52.424469557405075     
   171.76526179890595     
  -343.42300828901239     
   479.53020095897529     
   871.98693348423683     
  -25.822906274054645     
  -295.69651531109741     
   434.47392551826817     
  -121.61370098986448     
  -517.94982448682651     
   1082.8107322147482     
   250.27111293770361     
   180.34272548976512     
   433.29139146032844     
  -1510.2953437820011     
   386.90225352495543     
  -287.10706390931858     
   396.97346027803081     
  -269.00399170555716     
   118.59492280478777     
   702.69521087697342     
  -363.03012825541049     
   927.44091539028534     
  -925.59331994354943     
   45.714045777979663     
  -52.890167462792505     
   931.99299916945097     
   15.697014939904676     
  -712.53938429819641     
   39.275962291667724     
  -130.49774952630497     
   301.85085647764595     
  -231.62422142313036     
  -114.72622972305328     
  -274.96572519941390     
   330.64633897796409     
  -520.58352876732147     
  -423.97538351993558     
  -302.75478806610823     
   261.98340672041570     
   124.59536146391540     
  -69.387953576934308     
  -83.961285831773438     
  -19.337717082431904     
   53.733902944550977     
   79.169040571883301     
   29.226656875489184     
  -133.11770352173542     
  -196.97075403144362     
   436.56059497325248     
  -31.705949339480611     
   578.94034472478108     
   181.98176524525326     
  -259.26521292917124     
   134.95513614086531     
   568.41242710914412     
  -19.798374071930596     
   178.16818281261271     
  -640.09497666086520     
   50.592454003974233     
  -183.10676082135080     
   619.37090327078988     
  -839.05436877423961     
   17.235184525967696     
   465.84895048104528     
  -117.23289901919686     
  -201.75002203732848     
   404.97644094861124     
  -61.479019815351741     
   851.19541557722152     
  -322.41628479652582     
  -212.43485777577908     
   1176.4271992463021     
   570.11225351991334     
  -342.62978758201757     
   261.73988198214232     
  -416.51067494856358     
   66.943793489797656     
  -305.11996006346044     
  -967.53499840559607     
  -647.41397352340152     
   37.937491252917482     
  -773.97163218485389     
   202.30744806443946     
   388.83917977866440     
   320.10771458695626     
   240.69902969807686     
  -788.21691658001214     
  -68.645418753888549     
   252.45968392365216     
  -100.16567606157483     
  -282.45706029659874     
  -321.85890435776616     
  -44.483878908668316     
   341.37740357907273     
   167.32544349901406     
  -285.61497907754739     
  -146.81259077488323     
   273.21952429221392     
  -420.34749472245136     
   352.98667331334724     
  -263.41049901290751     
   501.99453140029823     
  -500.72076390227983     
  -431.04987969517947     
   1275.0116375156331     
   44.155685256507525     
   157.17828632487988     
   356.65780342499886     
  -410.34043703235960     
  -337.17852915700149     
  -492.72042886793406     
  -248.19290440839055     
  -378.20858694527055     
  -303.03303143713839     
   670.88006700495043     
   716.91364044874183     
   51.274973126996656     
  -469.77895350142910     
   581.77140614988866     
  -1399.5992377738476     
   749.54109098132972     
   118.36261869682465     
   881.49397024228017     
   846.49300333501856     
  -886.44213913745648     
  -453.00844358073732     
   170.72859429519377     
  -20.529615282843963     
   703.46519842639373     
  -472.68623828767306     
  -51.865517014879813     
   638.82787700757058     
   490.75476936056020     
  -263.66804553998048     
   569.92916269507009     
   32.289971721578354     
   176.94576706682915     
   226.02991780350706     
  -30.857691149578642     
   769.67491149888110     
   41.625014935423550     
  -190.07501924552676     
   735.80198285997733     
   335.65783054136512     
   427.78753548723114     
  -453.85000707258678     
   521.16940767655342     
  -97.216429434149632     
   719.54673458986247     
   680.23779287593982     
  -95.378466659833265     
   858.42074372010711     
  -995.51983207520152     
  -335.92065164468033     
  -502.43392022580338     
   231.11865851237283     
   1081.7077201484747     
  -173.24692554618042     
   11.232292802349377     
  -443.13589321678762     
  -113.72572135874663     
   235.07784881440290     
  -17.854775716181450     
   451.71558277584347     
  -753.73246713852711     
   581.55709612534849     
   27.247908215160550     
  -843.02794481102273     
  -212.04250511200172     
  -386.57192274953798     
  -32.757020704584889     
  -488.82918256433038     
  -551.65029708117504     
  -187.23957534328662     
   136.91643263505523     
   254.82676543597844     
   1101.8703191149693     
  -105.33588564940595     
   92.459408326534287     
   3.0019479031697855     
  -953.96626239405032     
   36.496146455864164     
  -209.27977581289986     
   149.26022079870577     
   419.35563882116350     
   41.158162549732893     
   203.21943925206062     
   51.724879609904917     
  -576.67999190092473     
   40.357236758693787     
  -309.00761902200213     
   366.38832246526567     
   273.80399136322239     
  -213.65710110577666     
  -575.00827867263479     
   317.04230279721094     
   47.161011727810887     
  -209.24820725065356     
   171.81786295840692     
  -87.872856167209449     
   155.44695362487451     
   24.942596323081062     
   8.4500393245430701     
   70.363518924164623     
   253.02670068709313     
  -187.60880613504776     
   187.33143896110502     
   562.66807177890587     
  -88.788106670347588     
  -85.951890940960112     
   121.35327360943677     
   489.70738733233895     
  -408.70720726041964     
   722.10023346845207     
   413.19200765137788     
  -429.27562367873685     
   150.04381733953051     
   207.33413435656462     
   297.72785494196410     
  -475.57108617767767     
   1686.2761006576654     
   262.67454093643869     
   1439.6690167793836     
   186.60557455902233     
  -1355.3915620432474     
  -2813.3660134468446     
   917.74632252057972     
   194.02002497226181     
   399.96703247454786     
  -968.98246447234067     
   534.38918592812615     
  -1870.5250792734612     
   546.17977907922329     
  -296.93635320000027     
  -272.07486029484983     
  -1240.7681196296080     
   2113.8946906486417     
   616.36633044125472     
  -10.586818893744038     
   1361.5787138565836     
  -427.79903080301665     
   106.04734324466017     
  -669.52703652339244     
   313.49134733147412     
  -1030.8308162145590     
   824.16263394332896     
  -1167.0247304548807     
  -1068.5928936178782     
  -185.54125868923185     
  -152.00683906991185     
   71.895587408826827     
  -1105.3571004708638     
   1152.4049371682588     
  -915.23488374290923     
  -1029.3693322357813     
  -358.86761978863410     
   265.62913876521225     
   797.68401564916212     
  -1257.7413211255780     
   253.96534486329674     
  -291.37830101453096     
  -172.24270209239768     
   101.67616040985965     
   1292.5070440087163     
   1064.7318866908290     
   44.886858678461067     
   418.08053465665370     
  -2501.8347285860991     
  -1027.0880113631433     
   861.95356815593914     
   244.82931559933400     
   276.52799029897125     
  -1719.3863254333182     
   363.70230849713965     
  -82.028383664195616     
   161.07152132022446     
   833.84614224660288     
  -397.71108152166681     
   313.01595406151171     
   1897.7345230973610     
   70.083660632737121     
  -186.56859689935339     
  -70.275132617798363     
   1671.7611388586845     
  -327.19076739827096     
   447.98540775430342     
   70.600794842979667     
   1561.6600779194223     
   334.73379742287807     
   513.47536062689528     
  -596.49705870044386     
   611.25925509111391     
  -540.68536864482508     
   211.74507252213994     
   1054.9893374917115     
   488.07152757797598     
  -848.90391336345488     
  -21.870769470650316     
  -81.887873715820774     
   948.61187480720969     
   189.83347029209961     
   508.32431415505550     
  -1393.5299300689258     
   38.747460103074530     
   1342.5593240659641     
  -443.34961169618981     
  -56.738375984330560     
   649.95490152461434     
  -268.06760174268595     
   773.37807182839992     
   1388.8814117772720     
  -1721.3596942964955     
  -827.48648499453179     
   428.86807327586638     
   152.06089919828409     
  -1371.6736277161108     
   454.10430219562147     
  -1114.5046749512267     
   292.04821646320636     
  -268.89337505302461     
   144.62825351658165     
   292.50841491048470     
  -553.73925581462595     
  -1358.5292776512083     
  -187.43093398656913     
  -50.478799649753228     
  -764.91379713759102     
  -181.69545398580340     
   1674.5086651699985     
  -241.52203158069383     
   851.99109084800125     
  -186.92853215320451     
  -531.95194049254360     
   1060.0517390772056     
   1611.4757304178015     
   440.20570594666685     
  -651.48287815919116     
  -978.60803238448977     
   1443.6953727959208     
   917.49322075761870     
   522.80581003840803     
   106.50079690031495     
   92.470937116749496     
  -256.45482243542921     
  -74.080670130721160     
  -818.21149718464176     
   1840.9700125530899     
  -641.32825507863311     
   596.39025765833196     
   191.07083897734356     
  -153.57890405717183     
  -687.34635508016481     
  -964.96830723957510     
   608.99990786955573     
   155.46848143157297     
  -757.31316650716872     
  -1460.0848413562533     
  -1281.0702418908518     
  -461.42941520991116     
   2278.4975886642478     
   345.12477289957934     
   2684.5755070445348     
  -383.99390387354390     
   1294.3907330057355     
   362.52097070061279     
  -489.42596729207287     
  -809.21250333670457     
  -601.85561868818127     
   643.47215534147699     
  -1278.4033297860692     
   705.55779492035185     
   506.18564075618360     
   489.96272231984472     
  -621.99031265593692     
  -524.91751210585869     
   748.76706458301805     
  -724.94036919341477     
  -932.26208554699087     
  -1551.0889744852534     
   499.37565221173668     
  -63.119985419695752     
  -296.34173212293592     
  -495.82877253965654     
   280.66027089918043     
  -1905.1587966573950     
  -127.53650919775632     
   626.15653207325317     
   377.04997957207229     
  -590.39316554321022     
  -923.38006302030067     
   387.84800224412180     
   1234.6090414073053     
   52.173989759574141     
  -403.77989837030844     
  -1308.5421521273020     
   1713.7590881735402     
   400.40282976049411     
   94.623930655436880     
  -137.78979340844012     
   2387.8164321343343     
  -645.29170811039671     
  -864.00934546244048     
  -345.01620495369968     
   470.65872124799586     
   1290.7952399483336     
  -222.88007975712088     
   361.54940223853788     
   131.55745644596772     
  -328.73358783633716     
  -162.05663614239478     
  -501.03911787641800     
   288.39288572196961     
   625.64123243132292     
   439.15280191385591     
  -135.13487907536762     
   711.92665184604869     
  -738.86036777953336     
  -214.02674975380361     
  -234.74367002338232     
  -431.72370171780528     
   154.51547297929829     
   167.94463907092009     
  -222.95030873058363     
   1732.8597383006286     
  -587.23736841093455     
  -946.26155811287560     
  -210.61325682742591     
  -169.54034306625414     
  -376.84915870779781     
  -977.11219395375861     
  -178.81543531619346     
  -102.49938750957540     
  -773.41806733078283     
  -402.81129389156450     
   903.74264720976839     
  -600.98478438239886     
   192.63224937867608     
  -321.94041683417953     
   912.21842141964078     
  -373.82760600814140     
  -488.79651946449201     
  -701.29073553415174     
   685.74593955240232     
   33.414139710027655     
  -657.00941135376195     
  -1299.5985065926805     
  -1226.0633735151482     
  -771.09399208083380     
   3144.4467153673154     
   808.38577641420170     
   523.28039874153023     
  -2534.2350409843184     
   807.24559086661270     
  -661.91667892630096     
  -181.70768633449893     
   363.65114156636662     
   30.947705758209281     
  -1505.9017313453367     
   377.67781167824654     
   896.91428056270263     
  -1018.3267946288190     
  -1524.5443329006071     
   733.81277523257222     
  -63.736488371163603     
  -106.11575549943342     
   1071.3190835404121     
   176.55163415302690     
   400.53843009052127     
  -2088.2940827123543     
  -1245.9199964603688     
   773.53887797249695     
  -1150.4253721672851     
   1563.5985188212389     
  -17.048154018593209     
  -971.31709390682988     
  -2377.8434520908158     
   1685.2232353134539     
   814.85949167414879     
   1084.7200906433325     
   683.25904822615212     
   516.99311188503486     
   748.64072184048916     
  -605.77040357539738     
  -542.97913745949108     
   582.52573704815961     
  -219.34210300553201     
  -891.64003239320641     
  -549.30531370266499     
  -1302.7407555773550     
   457.55164514705808     
   1062.7779407466971     
   711.35404878112229     
   446.62506449324042     
  -470.31998976248502     
  -252.92078231112913     
   135.37050578275847     
   935.03783914125256     
  -299.07522535965086     
  -99.591232110166374     
  -626.03358546444201     
   944.89544883987571     
   1152.0844858428004     
  -985.61597902743915     
   1314.4415656628303     
  -442.78298937292010     
  -131.99229343820599     
  -1017.0125664133037     
  -250.52555708104092     
   374.00132484988967     
  -406.13137678881458     
   175.45949312404923     
   47.750834203421448     
  -24.696104885126573     
   664.41407353896670     
   214.12236197261251     
  -554.10834194343192     
  -380.23213183820280     
   358.33793090511040     
   348.34877410932813     
   400.77577494909116     
   669.19122080799480     
  -993.13355905684523     
   1508.5080940946059     
   1232.9994609691466     
   649.09042885770339     
   659.02595671899451     
  -540.89877532573144     
  -757.29501933362735     
  -75.791192709198583     
   849.81791640346682     
   142.08421303843298     
  -288.32807949336188     
  -777.27699247859528     
  -852.86710735311999     
  -728.77531833835201     
   659.68044668474670     
  -1344.3288021146489     
   614.26095533073533     
  -1144.5263435156126     
   1031.0470655327376     
   19.673601462577835     
   562.38715914007287     
  -34.472289894749565     
  -176.86945880446990     
   220.53066673500371     
  -284.39280932438487     
   332.68462361477930     
  -970.86495385902731     
   369.43276097830437     
   396.50410018984860     
  -598.60499768847376     
   628.13688348889741     
  -1082.3496166272487     
  -52.857922257310747     
  -998.10792204450865     
  -643.69073839298972     
  -125.90371456970095     
   745.40953718654396     
  -55.430531106755780     
   1227.9828016057349     
   1200.0087943826334     
   233.94465668815695     
  -337.86664413492031     
   486.04834820228695     
   77.292236918509502     
  -159.86599242448170     
  -841.49998131504799     
   1275.2261548719969     
  -252.89091573665792     
  -790.61683123826060     
   719.17315722707929     
  -319.44338832041683     
   1684.6062217892563     
  -148.73373779746350     
  -713.39881765931443     
  -720.35743850191727     
   1544.6455759695318     
  -151.65171666432661     
   1803.1883301585749     
   806.38095521223590     
  -731.34849975571569     
   608.99994761094536     
   1349.6689455387564     
  -717.41316762569443     
   1062.9382187725091     
  -311.79940058772786     
  -1284.4014092982204     
   1913.8963162400960     
  -838.29007303190133     
   1281.7716995625476     
  -1152.3198717775715     
  -808.56081169613083     
   704.37074532989050     
  -824.37500692977051     
  -708.74740330439090     
  -781.53512556742567     
   142.06850534414332     
   879.28729565038145     
   399.01293210616774     
  -351.66555259288629     
   848.97933337206496     
  -97.055908630749286     
  -114.08093620156095     
  -1132.3456308700609     
  -935.86596163976742     
   31.189992305184433     
   1266.7389891444570     
   549.64700267426474     
  -1397.7065159726212     
  -88.195837976352834     
   118.49021785599095     
   2195.6804621407955     
  -538.78090745051736     
   881.78188038146322     
   1078.9707332240127     
  -122.40790929827693     
  -289.58230119489076     
  -1364.6448752304220     
   686.40630103625369     
   608.60886548211272     
  -1639.5268205954353     
  -1587.2194121597922     
   1825.1307822217577     
  -883.88165099605328     
  -131.65142397071520     
   393.66929985921001     
  -761.84232900086465     
  -118.67174688172960     
   340.76371290930410     
   1199.0297425128713     
   897.66366457403740     
  -247.88932676855813     
  -1303.3459768024713     
  -1838.6817105734804     
  -450.21443707216429     
  -532.43300534883838     
   1619.6144682428308     
  -1591.5551781983038     
   123.25278322582335     
   498.52315817201469     
  -1307.3561708106888     
   593.53195872214746     
  -1624.3284712291825     
  -321.49014999660471     
  -216.09326439565797     
  -204.48069513632376     
   316.74829782162504     
  -56.002827386826553     
  -235.74821169588643     
   169.63861349257678     
   300.30840263982185     
  -320.46281466427956     
  -507.51571637757712     
  -641.59635331673735     
   1625.1066720361375     
   951.44442694826080     
  -895.08422458163488     
   409.67071308337313     
  -264.66680581396622     
   1386.9954946877619     
   961.38868226537670     
   1216.8360795968683     
  -1927.4826644286436     
  -563.16796047398645     
  -402.73848327057601     
   337.72498579798213     
   1479.3574383945779     
  -276.90416054913214     
   206.04190257239031     
   601.67469866093222     
  -895.49879249628066     
   553.42462230092735     
  -86.472299573060923     
   1593.8154691315995     
  -706.83967569059814     
  -127.56131260303295     
  -873.28620830875514     
   1298.1274067307290     
  -2480.0496326485691     
   496.30316338192910     
   1934.3677030236158     
  -706.21831979331500     
  -1305.9916133474576     
   895.50031546386981     
  -820.16138431603713     
  -1278.0172601958402     
  -40.121890298409653     
  -17.173170505506505     
  -495.06347894585184     
  -456.61664803815790     
  -1079.1982221181052     
   318.00043994485736     
  -60.487938066984896     
   162.12662332585381     
   299.54449949216615     
  -1596.4804999564844     
   514.80892564454007     
   742.07771863772541     
   25.645128223300617     
   303.95504800403046     
   1127.7523886907359     
   1418.5598165392003     
  -56.620465481712877     
  -343.66683273398769     
  -131.84068716617458     
  -416.94838114962909     
   1481.6363643208799     
   205.78694192954339     
  -753.03334702494692     
   184.20294648025296     
  -1162.8397496472492     
  -214.43478512091218     
  -323.08190716840556     
  -1010.9907115344861     
  -1430.1782848008531     
  -83.946166151267789     
   784.08258141460510     
  -914.66605718746905     
  -324.20924535456595     
   769.36583932519977     
  -91.028168142895765     
  -2239.3447114014493     
   294.17725019436210     
   760.21739861890092     
  -49.462835117900475     
   55.192244017928232     
  -76.005125378017624     
  -818.94164030711056     
  -406.17198715249378     
  -252.67932508925296     
   471.26395007687813     
   262.93044706092280     
  -1436.9180484667488     
  -517.72376591371199     
  -636.52550984124423     
  -2086.3524906632197     
  -500.14880729193334     
   252.70708242886366     
  -337.93951094705358     
   213.37794247701760     
  -133.36514009246497     
   328.29522929473603     
   488.22154145102547     
  -677.47370656517899     
   697.30742707615514     
   703.30865711333581     
   474.70706225211262     
   298.49395551956638     
   754.70678578964271     
  -698.88992739000389     
  -190.96570277415219     
   589.86706808290535     
   88.765717102583167     
  -30.230433732079916     
  -120.11044348518510     
  -113.84482035170481     
   587.13098482359169     
  -1042.1013561320249     
   176.07761475716416     
   208.25046180410880     
  -349.63930513349328     
   75.570929941386055     
  -375.68048355261806     
  -46.166653747244908     
   539.72560269450628     
   1136.7913860876902     
  -276.51721794152746     
   1077.8288316593744     
  -347.76008417217997     
   582.96165823668184     
  -280.21755257243035     
  -968.13129990812536     
  -221.55847227133174     
  -1266.6676265303004     
   207.74483992384373     
  -13.703259279833389     
  -577.97729993865755     
  -302.84643834643737     
  -403.03050507902117     
  -866.29949810734593     
   798.59413159490055     
   5.7034343255484998     
   18.021642879011580     
  -22.008193648120482     
   1221.5790933843127     
   873.66625793240200     
  -328.90217543524261     
  -991.81313318485945     
  -1439.3830233048930     
   391.79110793685754     
   230.36234840289023     
  -717.37448478089277     
   169.72745767231419     
   373.78991261916843     
  -111.26358470882309     
   667.07651473530063     
  -470.42095956714724     
  -59.911201060249283     
   1200.1577466330368     
  -966.35659241543704     
  -85.140498210413853     
   415.17320429440718     
   324.69953744949055     
   881.36099760965499     
  -236.45171038769018     
   387.98505041441524     
   321.31972136762448     
  -1186.9171504210028     
  -86.408521375988272     
   160.00924312046550     
   1101.3866911775099     
   53.240518772808059     
  -398.68619759198742     
  -691.67854710623510     
   187.36583211229461     
   179.25111711432936     
  -681.86648745859122     
   657.14472636229073     
   1005.3107361270128     
  -116.65090126903455     
   713.64662159522800     
  -81.588051823786472     
  -2783.4581162782056     
   274.29304203490392     
  -240.75422946105098     
  -811.05797886246182     
   1350.3737703252086     
   254.89584896592842     
  -93.194670660064048     
  -230.38702449579174     
  -375.71964807362622     
   935.73200145405303     
  -57.451257521356169     
  -114.63351885270586     
   14.909796769959584     
   384.73147997593401     
   237.26492017865303     
  -1328.1911711835828     
  -311.14733048156370     
   92.847474982937598     
   1123.8673664969060     
  -294.91605265232539     
   304.62837746308981     
   332.57098051699688     
   320.53899798126497     
  -744.51137146727797     
  -602.73743017600486     
  -135.96154257757593     
  -1316.6819816443724     
  -108.54219466812845     
  -752.51353091089686     
   793.54818277824018     
   464.64424774217298     
   1163.3056903323188     
  -267.05244834999718     
  -346.12340731574693     
   574.67611054418308     
   388.05622526772476     
  -222.67609079075186     
   67.723991323665558     
  -189.45911530889435     
  -113.94671661873923     
   81.439522435324136     
  -555.36658302806563     
  -386.15740413518193     
   445.06780100604090     
  -440.03290658491585     
  -65.073924295291420     
   59.530244590537620     
  -318.49246822745135     
   641.53433451943465     
  -742.97858140940923     
   689.12222578460023     
  -506.74386940884642     
  -52.838832113905369     
   1409.0195506787563     
   633.19171984902960     
   352.12131262068283     
   659.48475705792418     
   439.00958514325396     
   659.93532858346668     
  -159.75540993466007     
  -468.46098331897372     
   179.65474012092469     
   252.02430853512044     
  -427.62889920017244     
  -285.13703979020806     
  -282.14552341744559     
  -289.49157157895075     
   130.10226315940014     
  -1522.6077903927812     
   488.74448881236299     
  -232.82912556642208     
   1175.9846476225330     
   360.07319798246550     
   42.951010510984077     
  -198.98059673173876     
   638.44462654624544     
  -19.262290237058778     
   1001.3899621346002     
   1022.5425333542050     
  -277.83950293131272     
  -544.94848180080805     
   1494.1863850718128     
  -28.318389694571863     
  -1350.0530655895027     
  -1222.2356592370907     
  -84.597763538069813     
  -196.61664667319070     
  -239.78593037673772     
   934.37477650221604     
   1475.3675805969801     
  -392.09055551790959     
  -389.20672812983872     
  -158.28903623712830     
   163.52999017978442     
  -229.67745342177426     
  -478.87772328159741     
   235.96538908927383     
  -647.67936064335595     
  -254.40619463056134     
   1191.6388837224135     
  -145.84743007012491     
   376.11093404607516     
  -284.45753626136809     
   103.23090826303705     
   179.41878921284467     
   28.167792494344980     
   459.14514761010520     
  -440.92027469408106     
  -821.14943307376643     
   1861.5685627129728     
   78.485675282749824     
  -916.63965427722394     
  -267.55195619931357     
  -1340.9769075463046     
  -20.602784194774244     
   245.81705112209278     
   434.70265359483557     
   456.85677050515375     
   152.51855960847755     
  -1706.1762707824023     
  -1245.5198465760304     
   584.35475896599064     
  -665.98936528549757     
  -364.32612927948526     
  -343.31934853759344     
   659.30253120389398     
  -189.53891590980379     
  -619.15487272172243     
   138.16809291866713     
   412.58800814375473     
   621.97289146600224     
   624.15093194271299     
   228.00188543667741     
   140.48481666419036     
   137.65839732139909     
  -285.79353218088994     
  -734.58580892056898     
  -1100.8681587563647     
   1218.8289388025787     
  -199.27032774420701     
  -1003.6556255118523     
   472.21358418622117     
   420.84531734695162     
  -182.04815635799343     
   638.49682266034870     
  -403.89287465041929     
  -60.694723701537669     
   38.032556411996353     
  -181.10991347426017     
   692.50267668484594     
  -242.70225442556506     
  -192.39332880163553     
  -329.15051494161190     
   470.66665971821112     
   534.74895263938481     
  -95.254353007514169     
  -251.73782222692475     
  -376.78047461532367     
   311.32382692978263     
  -488.74609680244424     
  -257.61578036751280     
  -216.87309240542072     
   139.87660965819714     
  -237.61927096654560     
  -200.21206226251630     
   382.84228970505791     
  -49.959913572118637     
  -995.07990536160139     
   665.08948374617876     
   330.69843778938974     
  -438.65990615246835     
   480.93820246408438     
  -1325.7421903802481     
   2297.3290331718063     
   349.89448705627029     
  -1075.7330133096830     
  -2233.3849511554099     
  -1043.9474000769028     
   404.12922427351054     
   1333.7646851629620     
  -859.98912142610402     
   588.37301562573600     
   85.844819483224342     
   164.11060738024639     
  -198.51381653742533     
   676.68126270168182     
   1895.7011907908902     
   194.24053218969061     
   863.63042254511197     
   1239.2694736158705     
  -1042.3733729490375     
  -1241.8269947478570     
   1395.3022185662994     
   152.56293257359170     
   367.64773184156979     
  -88.644190728294689     
  -1089.9809809374935     
   394.62627095194654     
  -1156.2062824306886     
  -84.622094313467557     
  -48.541403593311628     
  -449.32497962938140     
   28.464770556341136     
  -840.52077054656377     
  -2422.7291507937316     
  -1197.6955035730703     
   543.64947450538784     
  -649.24820039809492     
   720.28480752074279     
  -342.31698293938030     
  -1488.5411245320170     
  -230.86198500931346     
   854.77804965565633     
  -982.73709037050241     
   311.70443520187871     
  -428.40766539042875     
  -3200.6631076791709     
   277.69950078426371     
   1017.0944984709024     
  -5.0106281501822991     
   359.27274000942441     
   287.69541694323220     
   1848.2136442245776     
   249.96559747095873     
  -749.40828569924292     
  -598.48609012318593     
   1167.1835574994661     
   1450.0017218675735     
  -1686.8175850760249     
  -98.164479511153957     
  -2147.0839230140750     
  -132.73155846049804     
   27.971722056449948     
   1947.1823808134443     
  -298.00184381907832     
  -2121.3426992358759     
   311.39054591774942     
   307.08604936063153     
  -708.07812508567554     
   2398.0079423688676     
   31.390116937042194     
  -327.88410462242678     
  -7.6451951336120487     
   12.372710784524003     
  -400.83933469541648     
   135.17946420492299     
  -175.11199302768497     
   104.10997767243737     
   393.84714689276177     
  -544.45296487142923     
  -688.44490927157563     
  -226.69373873244604     
   394.73817499190619     
  -808.51296125689396     
  -384.33118412078164     
  -139.08377202957615     
  -66.632642082908177     
   502.12747462216248     
  -133.72483302873604     
  -307.44499343925918     
  -267.65080429917924     
   475.40421286488453     
  -644.41895967771097     
   119.23655078306749     
   528.47250652414994     
  -82.797113776045180     
  -150.99397909785034     
  -55.810959215072359     
   9.3053700929657168     
  -308.09962868307053     
  -27.625892529473390     
   103.63403567969128     
  -77.076172693149886     
   186.25387780085029     
  -484.65459660789656     
   846.84785418710862     
   102.14173777450523     
   640.70523211302702     
  -1224.0485156947786     
  -212.72521525205599     
  -147.81360935695903     
  -74.187155201943057     
   834.65539099777288     
  -55.522333075915896     
  -257.16925896377438     
  -159.56272427164362     
   172.21890614909660     
   158.42416249264920     
  -102.70726818545801     
   39.464996060895437     
   378.27188920834016     
  -236.88897740726475     
  -529.07494780067248     
   127.13314081058459     
   43.233319406112656     
   83.120032321293408     
   299.25043078094717     
  -170.34558331603876     
  -166.44728500529791     
   131.08567393013527     
   238.09681447103497     
  -249.09526938864101     
   139.93723818623639     
  -52.891428970246466     
  -403.30847091694477     
  -142.11469571550464     
   970.64987800190693     
   163.16188741726728     
  -79.931043071928343     
   302.50189605613969     
  -992.15749183872606     
   115.21435625434745     
   579.23243522867574     
   123.36004273279829     
  -283.41772978845188     
   195.52760117618462     
  -59.515672275194248     
   339.63877759047091     
  -853.03405401463783     
  -121.94049769045790     
   1185.6355415076605     
   141.73443985172480     
   734.67128450972825     
   370.53444288248591     
   554.41064370056233     
   1232.2966354902248     
   244.67334710691102     
   54.524094580760391     
   50.247453349200924     
   8.2543160126563819     
  -296.07864822707103     
  -195.55137548221165     
