basisindex
   0  0  1  1 : 0 0 0 0 0 0 
   1  1  1  1 : 0 0 0 0 0 1 
   2  1  2  1 : 0 0 0 0 1 0 
   2  1  2  2 : 0 0 1 0 0 0 
   3  1  2  1 : 0 0 0 1 0 0 
   3  1  2  2 : 0 1 0 0 0 0 
   4  1  1  1 : 1 0 0 0 0 0 
   5  2  2  1 : 0 0 0 0 1 1 
   5  2  2  2 : 0 0 1 0 0 1 
   6  2  1  1 : 0 0 1 0 1 0 
   7  2  2  1 : 0 0 0 1 0 1 
   7  2  2  2 : 0 1 0 0 0 1 
   8  2  2  1 : 0 0 1 1 0 0 
   8  2  2  2 : 0 1 0 0 1 0 
   9  2  1  1 : 0 1 0 1 0 0 
  10  2  2  1 : 0 0 0 1 1 0 
  10  2  2  2 : 0 1 1 0 0 0 
  11  2  1  1 : 1 0 0 0 0 1 
  12  2  2  1 : 1 0 0 0 1 0 
  12  2  2  2 : 1 0 1 0 0 0 
  13  2  2  1 : 1 0 0 1 0 0 
  13  2  2  2 : 1 1 0 0 0 0 
  14  2  1  1 : 0 0 0 0 0 2 
  15  2  2  1 : 0 0 0 0 2 0 
  15  2  2  2 : 0 0 2 0 0 0 
  16  2  2  1 : 0 0 0 2 0 0 
  16  2  2  2 : 0 2 0 0 0 0 
  17  2  1  1 : 2 0 0 0 0 0 
r1soccoef
                       9.2721238988446580000000000
                      -1.8248584919807360000000000
                     -12.3277035094771500000000000
                       1.9058425843600200000000000
                     -22.6335297845580100000000000
                       2.9552412085792240000000000
                       3.2703162110845900000000000
                     -64.7025100964816700000000000
                       1.7383045176353810000000000
                      65.7920746891580000000000000
                      -0.0089599497878139790000000
                     113.3309886896288000000000000
                      -1.5602689378345500000000000
                     -20.7488307706244400000000000
                      54.3731692973747600000000000
                      -4.8046795084842550000000000
                     -54.8537143372662300000000000
                       2.7580346217735740000000000
                     -93.5222041415108400000000000
                       5.7723762873049020000000000
                      16.6486010996449100000000000
                     193.4263041145864000000000000
                      42.0706788963820600000000000
                    -230.6090047249557000000000000
                      19.9745449100852800000000000
                    -440.3796686836437000000000000
                       2.6821993603660000000000000
                      69.9776976162008100000000000
                    -144.5200384361156000000000000
                     -83.3603487895760200000000000
                     136.7299770524476000000000000
                      62.1967477376930400000000000
                     314.3186267610528000000000000
                      78.8598638408123700000000000
                     -39.4961123728292000000000000
                    -181.1818770498047000000000000
                     -71.1879790936447000000000000
                     164.5331040385790000000000000
                      59.9784013374362200000000000
                     314.0326509620454000000000000
                     100.1697431869310000000000000
                     -41.7778111074607400000000000
                   -2281.7561663296460000000000000
                      77.2913705247378000000000000
                    2149.9895404358080000000000000
                    -246.8111307261254000000000000
                    3667.1428309312930000000000000
                    -232.3398529555808000000000000
                    -617.0897937310062000000000000
                    2426.3644449436660000000000000
                     970.6479077287094000000000000
                   -2346.0211271802220000000000000
                    -731.7316368331167000000000000
                   -4426.1742737942080000000000000
                   -1256.8944244647610000000000000
                     670.3493608489007000000000000
                    2178.2211085006130000000000000
                     804.8801734447511000000000000
                   -1973.0603496217890000000000000
                    -668.1475937987146000000000000
                   -3591.8867799480350000000000000
                   -1202.1134837838730000000000000
                     475.8431976354289000000000000
                    4481.8655166098700000000000000
                    -957.3256191427330000000000000
                   -4550.2154551454600000000000000
                    1561.5363118130110000000000000
                   -7630.5690125489240000000000000
                    1841.4314846126090000000000000
                    1296.8787545458000000000000000
                  -10637.9300168801500000000000000
                   -4242.4334013935680000000000000
                   10277.3698241436400000000000000
                    3173.5989910429360000000000000
                   19505.6905668006500000000000000
                    5514.8263603039910000000000000
                   -2883.8833216102080000000000000
                   -8937.3159018729040000000000000
                   -3967.9382215344290000000000000
                    7967.9501907003680000000000000
                    3304.5115812175990000000000000
                   15262.8590660691400000000000000
                    5895.7884792290420000000000000
                   -1776.9478607133990000000000000
                     666.6188041138735000000000000
                    3341.9807868893290000000000000
                      57.0233236151543700000000000
                   -4001.5653003272000000000000000
                    -949.6014643535236000000000000
                   -5677.1946380695200000000000000
                    -185.6479870069562000000000000
                   22411.4811301783100000000000000
                    7942.8245863961970000000000000
                  -21613.0170891658300000000000000
                   -5890.6962694161880000000000000
                  -41303.1582183491800000000000000
                  -10186.7169656993500000000000000
                    6025.7045326041710000000000000
                   16100.0212430634700000000000000
                    8282.7071125138030000000000000
                  -14069.4787480953000000000000000
                   -6798.1824006352140000000000000
                  -28208.0057086177400000000000000
                  -12130.9496553304000000000000000
                    2963.0142877356890000000000000
                   -7776.2448237003550000000000000
                   -4544.8956475572140000000000000
                    6403.6699091922020000000000000
                    4287.9901772050420000000000000
                   12985.6783069010100000000000000
                    6976.5565388166120000000000000
                   -1467.8544752849500000000000000
                  -22597.0336352704300000000000000
                   -6603.0042892815880000000000000
                   21781.1632650049400000000000000
                    4874.1026064989960000000000000
                   41434.7888178511300000000000000
                    8445.9700761072600000000000000
                   -6077.9385081051910000000000000
                  -12961.2094555497400000000000000
                   -7619.3961074721710000000000000
                   11063.8995850232600000000000000
                    6107.1553474624870000000000000
                   23032.4318374004700000000000000
                   11007.0153320705400000000000000
                   -2212.9115106656440000000000000
                    4580.5903312531860000000000000
                    2042.1003920053310000000000000
                   -3820.2415419230250000000000000
                   -1622.7296931649080000000000000
                   -7614.2614807792820000000000000
                   -2913.8600880237480000000000000
                     901.2002657492936000000000000
                    8603.3727881746950000000000000
                    2012.2889659326350000000000000
                   -8299.1302031785070000000000000
                   -1486.4314908892830000000000000
                  -15634.1933429180200000000000000
                   -2592.6516068702750000000000000
                    2325.1738127545170000000000000
                    3745.2172162934720000000000000
                    2574.7771067639690000000000000
                   -3097.3106236919950000000000000
                   -2007.3072024181720000000000000
                   -6712.9416857658650000000000000
                   -3674.2945889179750000000000000
                     575.7653960082530000000000000
p2soccoef
                       7.9567673902122680000000000
                       8.6306762573206370000000000
                      -0.1261855032760515000000000
                       1.5962609005021120000000000
                      -0.0412846138119120600000000
                      -2.6593802675817230000000000
                       3.6699795278415120000000000
                       0.8962060213108543000000000
                       5.6586297467181750000000000
                      11.3788304752927800000000000
                       3.4849820845069400000000000
                       5.5954951275022500000000000
                      -0.1999499658357831000000000
                      -3.1459368961848190000000000
                       1.6214574191841230000000000
                      -1.3163784992135430000000000
                       0.4855718263456076000000000
                       0.0832230576277373000000000
                      -0.1461613598229299000000000
                      -0.0731715476805687700000000
                       1.5017251694220630000000000
                       2.7351860136987760000000000
                       0.8310605795773292000000000
                       1.7033278183258690000000000
                      -0.0556979792749787700000000
                      -1.1610558503465910000000000
                      -0.7685161114176935000000000
                      -1.3343718103196650000000000
                       1.8971433558015720000000000
                       2.9782963652229660000000000
                      -1.0159329265270150000000000
                       0.3558791412699813000000000
                       1.5223577679319780000000000
                      -0.5967173374093058000000000
                      -2.8527306620846550000000000
                      -1.6531773378036690000000000
                      -0.2328083067432064000000000
                      -1.4851987744114600000000000
                      -3.2121264189058680000000000
                      -1.3901735038503870000000000
                       0.7181828557588458000000000
                      -4.2312784474020840000000000
                      -3.9159092801713040000000000
                      -5.6344168426649030000000000
                       0.0982346133906708600000000
                       1.6272703110049560000000000
                      -1.6937025493785720000000000
                       0.8736827391069259000000000
                      70.8633741168543000000000000
                     -25.6302819792753300000000000
                      16.1073408587596100000000000
                      22.5094129250753200000000000
                      -7.3897231019268880000000000
                      -2.1121600250049690000000000
                     -22.8815542297312500000000000
                      -5.7211324420365170000000000
                     -44.6517908643596500000000000
                      45.8991292246890300000000000
                     -24.4474386516400800000000000
                      28.0016647968461600000000000
                      -8.3532182884623080000000000
                      -7.2201897383813950000000000
                     -21.5899245727348400000000000
                      -9.8264466923925690000000000
                      -7.0256548729585470000000000
                     -19.3500823293072800000000000
                      -6.1982128770891120000000000
                      -2.8207461595249490000000000
                       3.7794704274819060000000000
                      30.2958954347319700000000000
                      23.0871879653881500000000000
                     -18.7420472568423500000000000
                      -6.0410322293058280000000000
                     -14.5951360444116000000000000
                       0.3191495793609325000000000
                      -4.5190563464313700000000000
                       9.4170304676928960000000000
                     -17.6485880270507000000000000
                      25.7867435410750500000000000
                      18.8813809738230700000000000
                     -17.1908795949419600000000000
                     -16.3732039615794500000000000
                      -0.3569182155613788000000000
                     -13.1569997136119100000000000
                       4.0799087864582950000000000
                       9.9296848546034550000000000
                      23.2801758776921000000000000
                      25.2358576916689000000000000
                       6.0899042128703670000000000
                      -9.5563680062141320000000000
                     -11.1131719356482800000000000
                      -7.4234272013082320000000000
                       8.6738663030581920000000000
                       3.1692538858884500000000000
                      18.4197291580057800000000000
                       2.5742779957095030000000000
                     -24.7292874120423400000000000
                      -6.0437787598373020000000000
                     -85.4978370971576300000000000
                    -167.5462459770062000000000000
                      85.7986991457432000000000000
                      37.6425953299699300000000000
                     219.5969313483759000000000000
                      29.9012598169170300000000000
                     -32.0445746554430100000000000
                    -275.1344225968418000000000000
                     -59.4334395651069700000000000
                    -139.7383511195266000000000000
                      90.0386160693570300000000000
                      33.1643099922015900000000000
                     211.9202308404493000000000000
                      35.7212792922718400000000000
                      45.1590328902006500000000000
                     175.8369836913836000000000000
                      38.7306013356719700000000000
                      35.9137450692469500000000000
                    -159.9221616891091000000000000
                     -50.0094687051946800000000000
                    -247.4409661116732000000000000
                     -14.1992294417990800000000000
                      41.4289567752626600000000000
                     162.7517455986021000000000000
                     -29.7647955904616000000000000
                      93.1181436456895100000000000
                    -100.7256916409327000000000000
                      93.1173759926823300000000000
                    -132.8018592684953000000000000
                     -53.5562239179410400000000000
                      52.7634339840439100000000000
                     160.9986068085438000000000000
                      79.7118053051088400000000000
                      67.5085306043273900000000000
                     -39.9770502701130800000000000
                     -46.9993630805270200000000000
                    -195.8987887037650000000000000
                    -171.0899041570813000000000000
                     -20.7918280986317500000000000
                      62.9251344139989500000000000
                      51.1703874004507800000000000
                      70.5192898440885200000000000
                     -88.3861075127181300000000000
                     -40.3538583068170200000000000
                    -155.8484174269532000000000000
                     -39.3222363610847500000000000
                     127.1104509566148000000000000
                     -21.1216166066731500000000000
                     255.4931267499907000000000000
                     342.2119185501189000000000000
                    -273.6481139941385000000000000
                    -141.2557486450773000000000000
                    -570.5675122782638000000000000
                      20.0127229961430200000000000
                     296.8371333042622000000000000
                     423.4614557208605000000000000
                     483.3197858653491000000000000
                     279.7259677638483000000000000
                    -279.6803650621027000000000000
                     -74.8314498923119400000000000
                    -593.7215805096134000000000000
                     -15.9626490083764500000000000
                     -90.8426615264317700000000000
                    -470.9846269839536000000000000
                     -59.5462010755032200000000000
                     -73.9878398177321500000000000
                     494.0573983838437000000000000
                     -15.3810661198981200000000000
                     709.5869016599254000000000000
                     107.0835936170617000000000000
                     -92.5556837577523600000000000
                    -464.3090053690809000000000000
                     127.8720918739294000000000000
                    -285.4437157319651000000000000
                     242.3656454080519000000000000
                    -240.9624263730402000000000000
                     350.3926071952723000000000000
                      59.9486264225328500000000000
                     -85.3330142454473200000000000
                    -412.3620874632366000000000000
                    -231.6826261654762000000000000
                    -124.4293988188530000000000000
                     138.7652841871861000000000000
                     114.0864235837014000000000000
                     521.8594189745918000000000000
                     432.1050385096108000000000000
                      -7.3619834996671050000000000
                    -144.4534192785312000000000000
                     -74.1073575463027700000000000
                    -170.3153158040211000000000000
                     278.2638527303477000000000000
                      95.6587569515443200000000000
                     409.7209782160279000000000000
                     102.3290737292238000000000000
                    -200.2462873828817000000000000
                     121.8892204623768000000000000
                    -344.8683388560478000000000000
                    -272.8445883432613000000000000
                     351.5069149727373000000000000
                     188.1382445102993000000000000
                     541.5163316229409000000000000
                    -173.4603666659648000000000000
                    -379.3042800524213000000000000
                    -241.3804519855760000000000000
                    -767.6382812734244000000000000
                    -268.5400739191313000000000000
                     343.3160439887301000000000000
                      71.7610033451508800000000000
                     630.8746732069811000000000000
                     -72.0550608909878700000000000
                      75.9667061752273400000000000
                     500.9362737906252000000000000
                      30.0727609356289600000000000
                      48.7781639351905500000000000
                    -547.8928441113101000000000000
                      46.1934916368461200000000000
                    -789.6505966845086000000000000
                     -92.7155444406387400000000000
                      91.5900788799634400000000000
                     523.0428564127444000000000000
                    -165.9275332288016000000000000
                     323.1998002184729000000000000
                    -242.4856277044734000000000000
                     289.3595854064232000000000000
                    -394.1897816550373000000000000
                     -13.1086578034864900000000000
                      49.9367710843156400000000000
                     380.4652080543516000000000000
                     250.9063977080450000000000000
                     109.4711964352284000000000000
                    -197.5559666656335000000000000
                    -138.1321905725989000000000000
                    -530.7847776805372000000000000
                    -445.3094960256645000000000000
                      28.1281539566382600000000000
                      96.1112830159502200000000000
                      78.4905293875012000000000000
                     183.4281507197574000000000000
                    -362.8438295804540000000000000
                     -90.6200650625471000000000000
                    -434.4104015966141000000000000
                     -91.0608667801938100000000000
                      86.4151032205499500000000000
                     -77.5123805848004400000000000
                     158.7023046444631000000000000
                      74.4252013348407500000000000
                    -156.2579910873420000000000000
                     -79.7945411411768900000000000
                    -171.5202318021874000000000000
                     128.2390016767492000000000000
                     154.1305371676574000000000000
                      35.9297921126959000000000000
                     364.9792794718595000000000000
                      95.0472253729211900000000000
                    -145.1905082092866000000000000
                     -19.7185714115826100000000000
                    -229.3146566998843000000000000
                      63.3680492624166500000000000
                     -23.8666899483931800000000000
                    -186.7645550245064000000000000
                      -3.0300280292912980000000000
                      -7.7999805300024290000000000
                     208.7897689640781000000000000
                     -13.9169623783119900000000000
                     303.9114112528548000000000000
                      17.0792458759901800000000000
                     -34.4489500794483900000000000
                    -205.9466836880492000000000000
                      68.2601399267988400000000000
                    -125.0734701251656000000000000
                      89.6866594489191600000000000
                    -126.7074337869234000000000000
                     151.8522491833781000000000000
                     -12.5670916132059800000000000
                      -1.7461890785750710000000000
                    -112.3836166323831000000000000
                     -96.0494109085324100000000000
                     -37.8226382371719000000000000
                      94.9334390347405200000000000
                      62.6295334670616100000000000
                     185.0071357232879000000000000
                     160.7225788642575000000000000
                      -6.7824920740541930000000000
                      -0.7225484836288132000000000
                     -40.3217902079097800000000000
                     -70.6376117673446900000000000
                     164.2573998618169000000000000
                      30.5900297089177400000000000
                     163.9877524062041000000000000
                      24.6761151990375700000000000
biases13
                  0.80890673358335141163
                 -1.26732106127723076483
                 -4.82754120721604618183
                  0.41974319360853751260
                 -0.79939429614772927746
                  1.45596881868811234284
                  2.47589326326612813034
                 -0.78587910533273341862
                  0.53533275469941277169
                 -0.45248494866205274390
                 -0.92750221193823001453
                  0.83976523954717885445
                  0.51560656126236281693
                 -1.11225373427434837126
                  0.39910080518409407624
                 -0.22461333788641893450
                  1.32649393682644856085
                 -0.27497660066918916399
                  0.08027805972553395120
                 -0.93423213967947948966
                 -0.56406261677462088411
                  0.43257560867120209425
                  2.00309971504165673650
                  0.83655820656533219637
                  0.58448742951239973653
                 -3.38288398162908343636
                 -2.51147595780207133487
                 -1.72976391643570481804
                 -1.66257422158857992578
                  1.46954415029009499705
                  1.84418242584995240030
                  1.54304456973610304438
                 -1.27688163643992291796
                 -1.27150378782520068199
                  1.26860491465607627681
                 -1.21200954906923308307
                 -1.53295918400376707247
                 -0.58863273302490104477
                  1.21538462069977648561
                 -0.85042001751695506240
                 -0.98895678856794755340
                 -1.69515185642811361255
                  1.77836412107039731900
                 -0.75230331207062461907
                 -0.49351268279684218365
                  0.62595084485774998839
                 -1.17040207790037231739
                 -0.62122435618452309658
                  0.85579267108507106609
                 -0.70550482785797408170
                 -0.76221376714703370503
                  0.33534757009148602469
                  1.14298741979935059021
                  0.36971396159117891900
                 -0.19799598632176854118
                 -0.90743814757450791397
                 -0.19601881767257667288
                 -1.12474060167221168172
                  0.14454054630935558867
                 -0.64245550592807598722
                 -0.10744907861443277197
                  0.11668576418199080869
                 -0.07638648880573006839
                 -0.14628672824065003244
                  1.25638099990672680306
                  0.54677331855528488180
                  0.12648744346503501546
                  0.14044865179740131933
                 -0.07925610268151046800
                 -0.90028990864568436692
                 -0.35015747270493707832
                  0.30662058762146293667
                 -0.49522072797374055986
                 -0.17642931519467042190
                  0.31213595861652654317
                  0.88257592767401316092
                 -0.61480013449026049699
                  0.32394604100454738038
                  0.66821259020660117578
                 -0.89100103182130463431
                  0.03709463326942073064
                 -0.57377967534393492510
                  0.68592700263685102424
                  0.99706301681638631607
                  0.53028341540031931345
                  1.49479168456121458419
                 -0.77446157545044547188
                 -0.76543760710049668639
                 -1.13780067876779789060
                 -1.24095451987973270924
                  0.71032842347963331964
                 -1.20569245486983578353
                 -1.20965196504974281666
                  0.70614087776999323598
                  1.63103475783706675095
                 -1.53248405788041774933
                 -1.27213018787975884472
                  1.69249662769810016449
                  1.66922793161388316463
                  2.14707783254112971605
                 -0.32884112034320367446
biases36
                 -4.02244719311133991368
                 -1.45259452864850513443
                  2.22897641837579518764
                 -1.47259273537137569399
                 -1.20280674488360195262
                 -0.22781898434757655303
                  0.01927501556331329136
                 -0.08853797325579107480
                 -1.29875037412904514866
                 -0.37290726009211244696
                  0.35884368128677296417
                  0.07698688230473145488
                  0.00399665108902000875
                  0.46034367661522679338
                  1.13430111862527049915
                 -0.03657642296855720399
                 -1.36538279917533356134
                 -0.80588028631886743369
                 -0.08533035779669329024
                 -0.43043222794670016329
                  0.05927441860150267638
                 -0.88611041230498099885
                  0.90003045740308085243
                  2.19046826520644444258
                 -0.28835493126485889359
                  1.14482892597429919412
                  2.12262279575271284315
                 -1.12938592680894300813
                  1.43328316527495913668
                  1.89222712509079937782
                  1.25872217996566448939
                  1.58585707562554478756
                 -1.91211604540250790230
                 -1.47970279301517915194
                 -1.55844866817218630217
                 -1.11250761396236841350
                  1.44180959322563095881
                 -1.09013827099257154529
                 -1.29741650265510966022
                 -1.36692508663322986884
                  1.15466936452538537772
                  1.52048448521235668451
                 -1.00680699086373648399
                  0.99957723285629884735
                 -1.08597176878520196297
                  0.94071407500977521909
                  1.28698845155660523965
                 -0.60173528010228338747
                  0.59101059123510280013
                 -0.77533549291661352232
                 -0.47116885525961071934
                 -0.72551050411225659342
                  0.38254511294677262523
                  0.39302030181568692324
                 -0.07543914430123520309
                  0.12351318651791362568
                 -0.03562667849873474291
                  0.30653937985030188518
                 -0.55404659111424592322
                  0.35626620681780601929
                 -0.33722102056657310420
                 -0.43256206404122571341
                  0.13442124136776864574
                 -0.27449232740127454955
                 -0.49622298926809210728
                 -0.54605447216387492659
                 -0.11410186769555732966
                 -0.32156469389013880855
                 -0.38511262119319944475
                  0.03224760561420485228
                 -0.25909688366701860707
                 -0.42962816318682245376
                 -0.20712049742772015160
                 -0.66981744132526521707
                 -0.44365776111620119915
                  0.59791150689221561620
                 -0.11378481633303004494
                 -0.31601907183905514342
                 -1.58829078380930144299
                 -0.13860272217549993168
                 -0.82553265124952623921
                  0.67540898295879991942
                 -0.79526003209904971847
                 -0.65881715662933892919
                  0.48563273218767916140
                 -1.14991066784618078955
                  1.17677098998230822424
                  0.96640095819089766316
                 -1.14601895868616110441
                 -1.26477991213970009099
                  0.93551804777000180380
                  1.32646695168164940881
                 -0.80840379587294541874
                  1.25810715738699308019
                  1.45459397054830574803
                 -1.41479006859093137116
                 -1.75339754784640100560
                 -1.42612554516061518228
                  1.66973367322449672834
                 -1.55010460533205240985
                 -0.26713349999995134043
biases46
                  1.35454512409301397469
                  1.71563375744231261244
                 -0.98332259810168609615
                 -0.68906134684350250907
                 -4.13639492954220955312
                  1.27789386603331389658
                 -1.80987349440243550092
                 -1.27725102056433592601
                  1.43997660309974206960
                 -2.51489202830587510462
                  0.42610244151170972859
                  0.05116611348625382111
                 -1.05507990260003703398
                  0.25666705043573195821
                 -0.81299820513461651394
                 -0.23000164912269355222
                 -0.92255463551184713200
                  2.08488687854890564211
                 -0.14868986755216490048
                 -1.17670822103168193351
                  0.45447188503601454457
                  0.94380555322386705530
                 -1.36979841112733824460
                 -0.71226252052404803727
                  1.52303599878222661879
                  1.15503234979686641992
                 -1.40759070344987358148
                  1.46999295399307117194
                 -1.31125661041949670427
                  1.32698219769997893813
                  1.24736700807813694070
                  1.36505293122900850378
                  1.67887582544718205746
                 -1.31636343315105786012
                 -1.26029440108382684294
                 -1.58652747257031045969
                 -1.25103169902665700697
                 -0.92389971165640261130
                 -1.47447548080759327505
                 -0.69744577034935029136
                 -1.53119676302057583506
                 -0.62873649789579300062
                 -0.67241571624836216081
                 -0.87490772912587499999
                  1.14638369850234322911
                 -0.64115137975165448214
                  0.86567554788991429859
                  0.36816969209911593053
                 -0.83649066329111299023
                  0.20572381174715492769
                  0.23659737627332919074
                 -0.41482814798972783565
                 -0.76096490731335264535
                 -0.57098284986593161872
                 -0.17905394068316812795
                  0.62170210963457694930
                  0.56926754194622575245
                  0.72663591965119767035
                  0.98225764080073352247
                  0.33581897659443066262
                  0.16218737640832170399
                  0.06263914478197603330
                  0.33882839133908226881
                 -0.26715072936008266158
                 -0.06449264849605379490
                 -0.47682800239256983854
                  0.65264946986158045572
                 -0.25330316600826685569
                 -0.14056857226261468274
                  0.39911437505209451659
                  0.24119341451260070675
                 -0.18217556771260814963
                 -0.11200183160938308180
                 -0.37040342687678989853
                  0.46580455715644158987
                 -0.27096357251491032248
                 -0.15696085188600888971
                  0.58644081243297863093
                  0.65730001973134366544
                  0.63464772020446968970
                 -0.86596207481681009011
                 -0.72927336451351298940
                  1.15025405641707023641
                 -1.01389910293208274084
                  0.77269950528267883350
                  1.02628300033199693075
                  1.26560684536491030450
                 -1.19888370444995184805
                 -0.77369757589618326499
                 -0.79645917741937855006
                  1.27534655337591429358
                 -1.24756488841646517862
                 -0.71813156150279144896
                  1.16162276878588666129
                  1.07665059906441884507
                 -1.59026127251244298044
                 -1.31348073514427965414
                  1.50849515283390833709
                 -1.57595139927803495894
                  1.56011540603666820637
                 -0.49997651852376279180
