                  1.05538161809848762829
                  0.85431597182265606172
                  1.59134611814186355261
                 -1.76886698879641923732
                 -1.69107344009595506051
                  1.23071241322763569315
                  1.05903420064252284938
                 -1.51016670890656556914
                 -0.67143075499589788269
                 -1.47373660409096607360
                  0.77467615232394926306
                  1.18467017299276156095
                 -0.79442668783042857950
                  0.42621795927118000247
                 -0.76136180880665071946
                 -0.36165450601031357003
                  0.56459188202385424127
                 -1.58687321289147575953
                  0.60294770189327751009
                 -0.06745484967918546904
                 -0.57075710449629579735
                  0.80466135184729858931
                  1.14204571201891869059
                  0.43570390186816360112
                 -0.01110163418614755308
                 -0.15039780337366676077
                 -0.67158099712954510974
                  0.56060948213615580116
                 -0.28120375509230344235
                 -0.30443852370697971343
                  0.18915475502303888411
                 -0.15468408203418543279
                  0.05494131845476576959
                 -0.53879639504090237612
                  2.19607316089406268134
                  0.73292083267117802414
                 -0.08321623745469373945
                 -0.91938171902894960663
                 -1.23456567684867390966
                  1.34076698805903782308
                 -0.54914345673456954611
                 -0.95851754792912780001
                 -1.03136981303399322130
                  0.38854334860351391612
                 -1.42973294778513371206
                 -1.86094198189153159362
                  1.44480578804167247853
                  1.32805918116032994902
                  1.12037835679252695265
                  1.67298172666239008954
                  1.02671636547149569552
                 -1.49720793866372736680
                  1.87416473376682390928
                  0.97073639406719147704
                 -1.23359569621390097183
                 -1.09641135066740891268
                  0.85965445887009162007
                  0.58910649916508794899
                 -0.37078981733760474349
                 -0.39039914267833769612
                 -0.61388057035722454202
                 -0.96996486922292335375
                 -1.16896967037434951209
                  0.45716869241644225719
                 -0.33669368087395717959
                  0.88529837702159197566
                  1.07345347335080942841
                  0.81309288406425295204
                 -0.13615330749337517524
                  0.67208003321338183333
                  0.20291749155424013140
                  0.02917398761353166836
                  0.15753513423159223872
                  0.66555131862916883101
                 -0.14217714348726523399
                 -0.06281926386557847020
                 -0.15376001868312763610
                 -0.64578025717811915474
                  0.09229371498181958289
                  0.94217320369598178686
                 -0.02693924322547069927
                  0.93179158915141913067
                  0.73088362079000612770
                  0.28187629405591801968
                  0.75746478526519789298
                 -0.55196502372851496965
                 -0.91919947819395764199
                  1.41301664663575121672
                  0.48706723820070385589
                 -0.98960308226064230830
                  0.57358824426558663312
                  1.08077794667655657790
                 -1.14604930643992308781
                 -0.90073145195704407140
                  1.00916176671563251332
                  1.24054974431998910056
                  1.23314133832038130834
                 -1.12659871837492708835
                  1.15751744218503760386
                 -1.35676328305513527184
                  0.49196397758044951853
