                 -1.62617408024228526919
                 -1.59931265687534640563
                 -1.90976679975584273663
                  0.78166442497667121270
                 -1.64383905319827805513
                 -2.14340734890929107692
                  0.31548548238213103279
                  1.26619665690052274343
                  0.68505287839906225944
                  1.41687364001978921557
                 -0.41660665949016784104
                  0.99352670206403714825
                 -1.65862693687700790690
                 -1.96215933998501568247
                 -0.03808123084073395531
                 -1.06203799868865234046
                 -1.58389010713358380222
                 -0.42184339573647600119
                  0.01153811370286598505
                 -0.22172327621408821630
                  0.52666403497675384759
                  1.25661930565862367537
                  0.27670224879071392277
                  0.17243536445600887719
                  1.04009088572852603782
                  0.40151326605277526394
                 -0.44831895421049622330
                 -0.15106752327791408974
                  0.64628795710060660262
                 -1.18319929399710010998
                  0.03939074981978021167
                 -1.21851975397200584794
                  1.61240845504647301034
                 -0.46552558291182855044
                 -0.38957088741028073064
                 -2.21292422610835926022
                  1.98817975150525549921
                  0.58470522581561956699
                 -1.52057010707739248545
                 -0.35513192416468486456
                  0.44608409800698900494
                 -0.94250162963369221725
                  0.66816017853300035956
                 -1.22531476732457744738
                  1.92861092891226881818
                 -2.70843611216177659884
                 -1.58178311004963312314
                  1.23471740953282416164
                  1.82075216797569305882
                 -2.14113925613156919070
                  1.83832254786926019285
                  0.77204366300935800549
                  0.59660521561148682768
                  1.28672011835595823115
                 -1.48918592677486949505
                  1.37349511884753328061
                 -1.92724179343225809902
                 -1.26059539341514259547
                  0.19156804784277364773
                  0.71221360240295938926
                  1.28410169262272666479
                  0.81572851188620520979
                  1.21107351947054375785
                  0.70528898037733989135
                 -1.19626632513969854976
                  0.86817158142715178393
                 -0.66052994788855490249
                  0.99010043191751317959
                  1.43904955408502721603
                 -1.11746248245431267776
                 -0.68638417671874507597
                  0.87454991590306041527
                  1.10227175624730855397
                 -0.93293951889629256335
                 -1.73066354010463929747
                 -1.00959836989326201540
                 -1.64265679206607262408
                  0.16803108024836327372
                  0.64704817007843584697
                 -0.81949891165349697530
                  0.61951968865377560203
                  0.61237476816940827895
                  0.02998446873615759345
                  0.07155744259720590861
                  0.38764720926153195535
                  0.64720296839970037350
                  0.24916425851595414009
                  0.55900965458777940320
                  0.16125209631972212132
                  0.24659749597461727566
                 -0.40130634922149066579
                 -0.50427012563459583383
                 -0.45631820305704789975
                 -1.32719955254656918342
                 -1.06514131403908729467
                  0.73092794373441227762
                  0.38069796723521415194
                  0.26808069429521247384
                  0.80653571485515607176
                 -0.02434473945622962071
                  0.03372880480787754376
                 -0.94609919921823049105
                  0.11677125121048730072
                 -1.03950418127665167312
                  0.43928798292534049219
                 -1.28143026548015614985
                  1.05762115452464078302
                  0.58698307988367126597
                 -0.38254237814014696584
                 -0.16551967251300711559
                 -0.95779407833332697031
                  0.34786202175175495732
                 -1.17532462253502978378
                 -0.46288835709691822373
                  0.53034412579165945978
                  1.96970701612590293195
                 -0.85667896109655694570
                 -1.07593466351109090517
                  1.56897265018386877777
                 -1.58845329756746522776
                 -0.94501978293450095148
                  1.88584263688122266700
                 -1.34094718112542654609
                 -0.59849216147379680208
                 -2.14380126438758189522
                 -0.52885253727590719741
                 -2.34099362467689475764
                 -2.12354618043226794910
                  1.42736822041607203104
                 -0.36136834654050709048
                 -0.45869058264137646530
