 -0.885356762538775     
  9.878044106270496E-002
 -0.369357762058679     
 -0.256040439695323     
   1.92280153976565     
  0.457319446554422     
  -1.65712529149229     
 -0.656365721935296     
   1.52828996095082     
 -0.113263296062378     
   1.97392457408775     
  0.634658464613647     
  0.684451878308373     
 -0.141854619592491     
 -0.426589683371239     
 -0.488301473030574     
 -0.617051435534607     
  0.120483600673834     
  0.426059146770934     
  0.637773445870111     
  0.923748282846572     
  0.126830300147776     
  0.611020084793259     
  0.935369283125375     
  0.163377088338928     
   1.04626506218361     
 -0.819875978543812     
   1.00017466664370     
 -0.450033517308343     
   1.16108500965967     
   2.34065987586985     
  -1.20103143943942     
 -0.703197849370455     
  0.853886787379856     
  -1.23016145081427     
  0.159663009767562     
 -0.689890925290893     
  0.234694712813357     
  0.159074478842462     
 -0.742332518541708     
 -0.576761797407252     
 -4.390178326742391E-002
 -0.729556702940811     
 -0.238354398710366     
 -0.421693300851170     
 -0.326996572290479     
  -1.22113339976693     
 -7.067952362755750E-002
  0.727719485508187     
  -1.14458363526321     
  -1.41972141591403     
 -0.638937720726359     
  0.955034437929321     
  0.672483246385665     
 -0.707473753878503     
 -0.330002754405817     
 -0.678461322949108     
  2.340036071256428E-002
   2.95254934156547     
 -0.848852554283343     
   1.20973516790814     
  -1.11405159593952     
   1.17508438151290     
  0.486383134600525     
 -8.694949356261615E-002
   1.05921943312887     
  0.331036687956723     
  0.794015674391286     
 -0.829252718751817     
  -1.29951122238363     
  -2.58896486683474     
   1.24617766677867     
  0.762197266314910     
 -0.159583802330169     
  0.466976917227388     
  0.649620133356687     
 -0.590712725899103     
  0.314837270019347     
  0.782591632512644     
 -0.596238603149173     
 -0.324116859324567     
 -0.172061895558469     
  0.156840428996911     
   1.19391666952436     
 -0.678151123395270     
  0.215249793753335     
  0.311230175010124     
 -0.178448891843735     
 -0.603045157920654     
  -1.16625757615534     
   1.27661576779414     
   1.16957194259733     
 -0.211560569478517     
  0.744051251934962     
  -1.60293305007444     
 -0.925192141670132     
  0.546357979453699     
  -1.94328287718190     
 -0.814212273473070     
 -1.805829385544806E-002
 -0.490182007144167     
  -1.44404565651789     
  0.285164632222095     
 -0.700540476170146     
  0.119940395173004     
  0.714152930866199     
   1.61164944251324     
  -1.09121216165444     
 -0.610794949473019     
  -1.19013111401748     
 -0.588493857431822     
  -1.16897689465803     
 -0.106676339172989     
  0.367108463479539     
 -0.651663418719473     
 -0.184610381103979     
 -0.987685273140820     
  0.707242190836138     
   1.15984936843738     
   1.08625264659600     
   10.2935552933034     
   5.21433695369720     
  -1.39282984218668     
 -0.941806808995346     
  -2.52447467567900     
 -0.873534016703066     
  -1.75399643298602     
  -1.59828724496352     
 -0.706212806935489     
  -1.98856423704624     
  -1.53344157361655     
 -0.651147144006480     
  0.507924245807893     
  0.293141127948693     
  -1.75527860986015     
  0.263532911377455     
   1.53769198770346     
  0.117848990085192     
 -0.755607762866547     
  0.121550030366130     
  -1.89276787905505     
  0.390176239429213     
  0.559613661511375     
   1.87459848909382     
 -0.695194802077514     
 -0.506422483341656     
 -0.366258844746763     
  -1.20518953001076     
 -0.337457344228964     
 -0.213239212054994     
 -0.988563379286502     
 -0.897198630490473     
 -0.183104762702310     
  0.489741715927660     
  0.404618604240825     
   1.96681942941455     
 -0.986937635461719     
  0.773048033607488     
 -0.316795195187588     
   1.12004210259498     
  -1.64937532752563     
  0.345284588239575     
  0.276006288263816     
 -0.917096855381306     
   1.22937439559447     
 -0.689468393316521     
 -0.394299472699078     
 -0.974297370687116     
  -1.14304008185535     
 -0.684170067018882     
  -2.42161877504376     
 -0.224999655795613     
   2.41938611957928     
 -0.592714511682110     
  -1.51438908825104     
  -3.63402207354095     
 -0.473083366350761     
  0.558321236286215     
   5.69793269735516     
   1.37605222934659     
  -1.24325625070080     
 -0.819666548478257     
   1.20062258954684     
 -5.777744213045204E-002
   1.57001835196439     
  0.216392622875516     
  -1.68198410093307     
 -0.633809802537017     
  0.509366209833648     
 -0.998353792224047     
   1.61507544254867     
 -0.197240334606537     
   2.35796186607658     
   1.52868728577508     
  -1.86537981844665     
 -0.271843209258479     
   1.23717980727783     
  0.831890809667768     
  -1.36389073324050     
  -2.25567312234846     
 -0.504934648640742     
   1.16831920042002     
   2.34937100591208     
 -0.544703930764342     
 -0.409395890646087     
 -0.580167634873971     
  0.938837428407617     
  1.907338095462110E-002
   1.25949027833079     
  -1.33446790047430     
 -0.440139180161376     
   1.95853612038903     
 -2.293294940939965E-002
 -0.464528781065177     
 -0.666525638347340     
 -0.937728339664414     
   1.94590062239350     
  -1.31271927061591     
 -4.851190395905088E-002
  0.717985328537958     
  0.894378286341532     
  0.865162365532927     
  -2.01675256933148     
  0.536567805080952     
  0.824646561277588     
   1.72337610133695     
  -1.62992062156931     
  0.861206405541370     
 -0.552086931619616     
  0.823859043111120     
   1.15460857486727     
  0.197409522419126     
  0.447273400373440     
  0.826535306100941     
  0.144387169723385     
  0.550729640736773     
 -0.753196318406996     
  0.349862385432117     
 -0.644639240273851     
 -0.893770470207789     
  0.128319377518296     
   1.37856639437277     
   1.02153162075162     
   2.53609804191597     
  -1.91645007823253     
   1.03791832011187     
  0.266681670518028     
  -1.51168799294541     
 -0.371307692848495     
   1.28832782085428     
  -1.99447180584171     
   1.02523272443726     
 -0.361211137774469     
  -1.53797403065817     
   2.19162580338181     
   1.96933423315539     
  -1.76825462026082     
 -0.644805880073028     
   3.98903093351991     
   2.06878927483185     
 -0.859774542536445     
  0.867662810377552     
  -5.54618971544419     
 -0.697328598839895     
   2.32135914402993     
  0.933741021591930     
  0.813604525533081     
 -5.067331105918479E-002
   2.10402067958883     
  0.606789115964843     
 -0.773474024008670     
  0.373758298555184     
  0.377707764856226     
 -0.128332346432269     
  -2.26903411981122     
   1.05446705503429     
  0.915914857616924     
  0.125857983212511     
 -0.880282671434116     
 -0.328092240956006     
  0.464570691640913     
  0.330442057466472     
 -0.548471055037854     
 -0.179182194366548     
  6.331524628350761E-002
  0.410989917696625     
  -1.89127800334100     
  0.452322476568312     
   1.35722300902047     
 -0.351056890485364     
  0.155014833420511     
  0.901839931684219     
 -0.202410069445965     
  4.002190367591659E-002
  -1.52220927767154     
 -0.603208562922085     
  0.718147383279055     
  0.649345688051205     
  0.841456171369001     
 -0.435755310060450     
   1.86869754102149     
  0.816691602469725     
   1.32489325762550     
  0.415243008532119     
  -1.06264282910382     
  0.927817276005489     
  -1.56478821960644     
  -1.36216871975841     
  9.017653367616513E-002
  0.748227346201967     
  0.304380701134485     
  0.993588303821855     
  -1.34079009455795     
  0.759062422945952     
 -0.397595240887052     
  0.420112581517986     
  -1.76415300712238     
 -0.698297009407687     
  -2.26393934330341     
   1.81822129659596     
 -0.421772997503670     
  0.617198410243500     
  3.273539240736237E-002
  -1.05317491050414     
   1.33048875586579     
  -1.41966485324177     
 -4.806384136614698E-002
  0.333339252933788     
  0.580537722557147     
 -0.165688799718494     
  -1.23383205016860     
  0.224544641587725     
  0.286792420824921     
 -0.467417475755160     
 -0.490701969593379     
   1.94854011755640     
 -0.221625220455524     
 -0.151194742313922     
  0.685325079777174     
   1.16880296736674     
  0.540289455625463     
  0.315673307226777     
   1.15741920690556     
 -0.708833177125489     
 -0.388283105706458     
  0.161013487792418     
  -1.74644859694853     
  0.895372990554033     
  -1.83412414685351     
  0.242597620819881     
 -0.252304591809129     
 -0.168738951083113     
   1.04466726788591     
  0.302835350441901     
 -0.491093639144997     
 -0.760403967811899     
   1.44308997193784     
  0.291776923619503     
  -1.12825716877709     
   1.36151045713755     
 
   1.92011334768463     
  -1.96552932434335     
   2.78973252225455     
   1.86856350886052     
  -1.11492857870686     
  -1.34017489655066     
  -1.10629042442322     
   1.62538378883785     
 -0.353471164186714     
  2.856154031076310E-002
   1.87944311417933     
  -1.10412936001152     
  9.734327087052673E-002
  0.294602762879752     
   1.30549775913096     
 -9.942029396155672E-002
 -4.289768887009549E-002
  0.809224848552949     
   1.21335769965709     
 -0.653801846181642     
   2.38899058025327     
   1.22812100756268     
   1.56176187226716     
  0.826030749003830     
  0.687771377070793     
   1.40637815594872     
  -2.54340395109374     
   1.50218177775402     
  -1.54475880775367     
  -2.48353321412540     
 
 -5.188496146711916E-002
  0.249634772752341     
 -0.514817618857116     
 -7.161062273320780E-002
   1.03526620332449     
 -0.906794788291403     
 -0.217078782209490     
 -0.785803856456001     
  0.175949496161431     
 -0.463211252500221     
 -0.692822462568647     
  0.315532765222320     
  0.564159928919086     
 -0.326356630841245     
  0.400198297878642     
  -1.06757952691703     
  9.334551840770687E-002
  -1.24366371809465     
  0.226889608864491     
  0.705336435063726     
  0.204082670590947     
  6.199830674055413E-002
 -8.679225626024641E-002
  0.467665115432323     
   1.13243449250246     
  0.134275335002909     
 -0.347139406780354     
 -0.242016182244464     
 -0.395679821983091     
 -0.448110632713256     
 -0.417529297954636     
  0.174244132266098     
  0.665841662388576     
 -1.178774824869247E-002
 -0.482434220709833     
  0.276477589119912     
 -9.678094870080250E-002
  0.911599850133484     
  0.210104440214851     
  0.494672859443411     
 -0.338026112060586     
 -0.273190859054971     
  0.730905961173412     
 -0.128311511584908     
  0.673730222877480     
  0.302528275303731     
  0.524128348993698     
  0.250867083520937     
 -0.304736020626537     
 -0.181427658230717     
  0.340602720849490     
 -0.341360839041176     
 -0.386633526417370     
  0.364625439749576     
 -7.158866874635661E-002
 -0.816037927966301     
  0.501791874462049     
  0.286721273919855     
  0.332021177187229     
 -0.837664825860641     
 -0.158042515317832     
  0.608063656536269     
  -1.39882560697396     
 -2.548279497990570E-003
 -0.186466281541708     
 -0.468146327606649     
  0.741216843907870     
 -0.202912290588816     
  0.197798501727326     
 -0.522137416749496     
   3.06790526908721     
 -0.315113912912313     
  0.392969556779855     
  0.752826783676464     
  0.262498038297200     
  -1.20214438961767     
 -0.376689398875988     
  0.210612946990751     
  0.189429606078654     
  8.110722254066693E-002
 -0.191528050881553     
  0.367474573834698     
  0.174226217412890     
  0.314552966792844     
  0.364556115763084     
  0.670509995671061     
 -0.346255471514310     
 -0.517219621065044     
  0.127206472117754     
  0.287968005875311     
  0.213579470118469     
  0.320484958769159     
  0.237127949541643     
  6.264717978671869E-002
 -0.490406928259604     
  0.256909121454881     
  0.449675980536112     
  -1.04493446437182     
  0.447593545065242     
  0.103145951036523     
 -0.368255554132022     
 -0.606143998767597     
  0.232920869401906     
  0.486774772374831     
 -0.383434889386925     
   1.44048621512456     
   1.24746970722820     
   1.41119594683331     
  8.762768053338911E-002
 -0.282473158424167     
  0.340053321689326     
 -0.287607566631334     
 -8.616926312688919E-002
 -0.261272301344780     
 -0.571025394443825     
 -0.257134868877036     
 -0.380919851234291     
 -5.603880529380969E-002
  0.372101849629874     
 -2.298118291591079E-002
  0.229646434174091     
 -0.671792797270290     
   1.28712066724968     
  4.151557168626491E-003
 -0.407550876760054     
  -1.71823799920233     
  0.652959594567255     
  0.650140924024559     
  -1.35388334627192     
  6.791265080364658E-002
 -3.425895221410183E-002
   1.09578442119785     
  0.803612973117788     
 -0.223879694081977     
  -1.33360978293850     
 -0.397145128404431     
  0.549762051359463     
   1.25172289614843     
  0.821607552674833     
 -7.313314396702962E-002
 -0.598437145398146     
  0.281649609129437     
 -0.475183125003838     
 -0.459900515343251     
 -0.662624075152425     
  -1.18330930898987     
  0.216762117979352     
 -0.614999821750551     
  0.285314881910610     
 -0.482912606186522     
 -0.507692176919703     
 -0.296147697874928     
 -3.074601264996840E-002
 -0.102345860482967     
 -3.154536190874863E-002
   1.14671607341282     
 -0.345954699025694     
 -0.969407909657304     
 -0.649431588430713     
  5.667965044426691E-002
  0.631096046860847     
  0.535512472567201     
  0.285058868242102     
  -1.30021099053809     
  -2.62975724334374     
  -1.82698974408193     
 -0.928091368083494     
  0.688721871945973     
  0.594763949119668     
  -1.01831649180352     
 -0.411906535951273     
 -0.219374074126314     
  0.547393101262798     
  0.964345892067180     
   1.09972106664687     
 -1.781017948597811E-002
   1.15336248251589     
 -0.100747321249497     
  -1.11175125930790     
   1.11737862884320     
 -0.443890499626247     
 -0.393299548803247     
 -0.875737471801964     
  0.244386492756582     
  0.521109454357393     
 -0.217312365484948     
  6.302684176159115E-002
  0.867369735871200     
  2.446118681724136E-002
 -8.869246573142844E-002
  3.144914892833858E-002
  0.113772010707022     
 -0.330758645951838     
 -0.623614079321363     
  0.269516480382775     
  0.817531272241176     
  0.446722673390208     
  -1.41720500225873     
 -0.558967863282554     
 -4.417316421971867E-002
  0.304859025347114     
  4.661758948789842E-002
 -0.133309322692371     
  0.386060170434832     
  0.307240604124891     
 -3.588591722897866E-002
 -0.388149505369903     
 -4.330744826602121E-002
  0.637881258542104     
 -0.347652821278044     
  0.225767047756599     
  0.401002874944697     
 -0.492952987602018     
 -0.263237756617946     
  0.398998729490172     
 -0.222772014784517     
 -0.168755588812319     
 -0.378048665043860     
  0.350378276181113     
 -1.897740681196395E-002
 -4.624977182949517E-002
 -0.187863105113922     
 -0.448591742130426     
  9.841015094618635E-002
 -0.384221152950230     
  6.847882967260480E-002
 -0.253643333461740     
 -0.328946360885856     
 -0.409748471459817     
 -7.088430518235889E-002
 -0.209032060072072     
  0.298243688113927     
  0.245360039012407     
 -0.414119928345390     
 -0.402389931610979     
  0.266723269156675     
  0.238843413779012     
 -0.414731051847351     
 -0.280436528883098     
 -0.104788894068630     
 -0.962828907963250     
  8.658570523142266E-002
 -0.415450941180660     
  0.441957055367409     
  0.548117063563125     
 -0.168293029930025     
  0.204659967484683     
  0.238877516350326     
 -4.474849285163280E-002
  0.485520248414384     
  -4.01883488064818     
  0.277553049337764     
  0.554200003400892     
  0.579889606610589     
   2.32656156706839     
  0.158114811946857     
  0.313663473828543     
 -5.439839752842783E-002
 -0.239287447379742     
  0.521232216692151     
 -0.147804634489417     
 -4.420417291504171E-002
 -0.440757965110313     
  9.750810404164215E-002
   1.21271836971205     
  0.126583182502515     
 -0.744708438378152     
 -0.839241991013845     
  0.150229660352231     
 -0.158795168779027     
  0.204541689225966     
 -0.488535311147914     
 -0.226874173061117     
  0.380788145131382     
  0.100436118818508     
 -0.862175452837529     
 -5.104956269362614E-002
 -0.603343675180664     
 -0.229043875298003     
  0.691463895853590     
  0.360448603535376     
  0.448554456966586     
 -0.387248001503314     
  2.935750415374316E-002
 -0.660373565079089     
   1.06485639070384     
 -0.395224177889123     
 -0.909203631935340     
  -1.23474205356475     
  2.590788516022183E-002
  0.228087754262633     
  0.107748708861665     
  2.021639222357477E-002
  0.419029956605835     
  0.386260799844629     
  0.819843329218413     
 -0.567668529114282     
 -3.504155141763679E-002
 -0.112729497102237     
 -0.104415552337456     
  0.142211307243255     
 -0.177970286518209     
  0.181163922592002     
  0.496131096296124     
 -0.297134503105961     
 -0.169268981412294     
 -0.288354134808881     
 -0.333629703544956     
 -0.540757658738420     
  0.212592298160704     
  0.680672015128842     
 -0.474333563585502     
  6.917404194826701E-002
 -9.970984402007915E-002
 -9.797221949679238E-002
 -6.430045021535086E-002
 -0.969464907819717     
  -1.14024293413061     
  3.962440475776871E-002
 -0.255573986909557     
 -0.484563798931098     
  0.394313312791672     
 -0.212130346258197     
 -6.330750356854412E-002
  -1.01881860437009     
  0.985042685679799     
  7.293832528865752E-003
 -0.124985516558717     
 -0.322082088363612     
 -0.299994604582301     
 -0.119775002453889     
  0.694514442948014     
  0.845995029698614     
  0.344588783088665     
 -0.213638674534809     
  0.687390489787139     
 -0.176475108043958     
  0.432008995547176     
  0.340351956421354     
   1.51381234134818     
 -0.122174348539029     
 -0.152447431487369     
 -0.668079529418056     
 -0.693655160208710     
 -0.275851694855598     
  -1.05612973025267     
  0.426096436014398     
   1.13457512328659     
  0.920008023625061     
 -0.181246740540747     
 -0.368577990316533     
  0.652075451047192     
  0.310892380977485     
 -0.790313387925794     
  0.203594143930317     
  0.302515066326146     
 -0.375440499122713     
  0.368395688282386     
 -4.188037770809885E-002
  0.268262468355246     
   1.17752650703671     
 -0.116240358852594     
 -0.254157700227381     
  4.861905004764686E-002
 -0.642783844206150     
 -2.581870536134372E-002
  1.577802107742124E-002
  -1.17162864017511     
 -0.775972696961599     
  0.439349478638734     
 -1.842918446043943E-002
 -0.685993561797529     
  0.836215238795917     
  0.189176097003645     
 -0.806397175401250     
 -0.237340246839952     
 -0.580387063602934     
  0.528097860671132     
  0.306362718850361     
  0.904265068591944     
 -2.229592058286422E-002
  0.404471792781435     
 -0.261039471445054     
 -0.397666090152996     
 -0.823475942410152     
  0.565867463883836     
  6.214603885481763E-002
 -0.389008534163877     
  -1.07129523195630     
 -0.197985195091793     
   1.93911246009859     
 -0.524590684631788     
 -0.685255506209179     
 -8.249670852663485E-002
  0.483946559629015     
 -0.412008298591103     
 -0.290005469704934     
  0.765463820091881     
  0.716069481696967     
  0.826841962863574     
 -0.289763639612372     
 -0.580203113820765     
  0.125806132182892     
  0.606809095637383     
   2.66223740273302     
   1.40454719382857     
  0.680467607327624     
 -0.888299953435112     
  -1.75962356323924     
  0.940158811483782     
   2.49607073332942     
   1.21708944844390     
 -0.338179025271743     
 -0.544605260006614     
 -0.467484447789380     
  -1.02122887688588     
  -2.33520278454249     
 -0.943631022248722     
  0.162298944807075     
 -0.230607462037184     
  0.115541790431513     
 -0.271298760345001     
  -1.46519545695774     
  0.337090035507888     
  0.484915802791095     
  0.105274219719196     
  0.245797522594891     
 -2.491531453595592E-002
 -0.148857300450792     
  1.652208966710000E-002
  -2.08190894708467     
 -0.266966028292408     
 -0.564114503113117     
  0.744287501290408     
  0.631432739531577     
 -0.813641290106943     
  0.349371945064393     
  6.367221520069237E-002
 -0.241968407454452     
  0.264662022071376     
 -0.311298377123874     
  0.352625165593760     
 -0.431025998440144     
 -0.946365612201798     
  0.895376051939845     
  0.290888808896411     
 -2.548680097195583E-002
  0.933676071786988     
 -0.489031595540640     
 -0.143682932461550     
  7.314431224277161E-002
  0.557708721057825     
   1.02774485968352     
 -6.643644875524246E-002
   1.10012235321614     
  -1.09638641420780     
  0.696446254140140     
 -0.696956620632638     
  0.173029286166001     
  0.144855400333588     
  -1.19565757119803     
  7.904857923220994E-002
 -0.205419811401127     
 -0.235054416766866     
  0.848646293278408     
  0.893726180903635     
 -0.453011289964596     
  0.135261979383727     
  0.828188910299628     
 -0.833877893319808     
  0.277764279683978     
 -0.234876516837424     
  0.306039520759371     
   1.57452174129005     
  0.805055368617939     
 -0.223124319955590     
  2.631118023540771E-002
  0.204602921025544     
 -0.507795208766942     
 -0.400368142399703     
 -0.567824612053323     
 -0.255140255482207     
 -0.698497170537585     
 -0.173357267345320     
  0.873042231849321     
 -0.381422568934662     
 -8.110375902018456E-002
  0.903684607132909     
 -0.755833607800405     
 -0.689502017898651     
 -4.196710614450491E-002
  0.458523526651636     
  0.217034842523440     
  0.573659190457332     
  0.322064673657463     
  0.618294016599344     
   1.35433004697888     
  -1.23033617202373     
 -0.919680604295855     
  0.477355336416517     
  0.328160345365144     
  -1.29545100023003     
 -0.643919308098384     
  0.203157129389381     
  6.877729734112092E-003
  0.500675143887922     
  0.226557661082858     
 -0.459355542411232     
  1.376752753024145E-002
   1.22547442206837     
  -1.36060165292887     
 -0.154167781627927     
 -0.717275701357996     
 -0.874877259155880     
 -4.809703513584846E-003
  0.989989532264892     
  0.177219407254264     
   1.08958456541953     
 -0.867871530423848     
 -0.780774908892547     
  0.646070743169222     
 -4.932008828010716E-002
  0.773280940963292     
 -3.801611211071573E-002
   1.49474421950507     
  0.189395945229613     
 -0.841685104152936     
 -0.915909319542958     
 -0.630674850642641     
 -0.410822366540032     
 -0.385652653434675     
  -1.93306940740008     
 -0.513615349976207     
 -0.313134941790536     
   2.72952543405520     
   2.01771384737940     
  0.910957529956988     
 -0.527901837732667     
  0.286604328469765     
   1.03568522132478     
  0.363335360401484     
  0.778099398189000     
  0.780950774592301     
 -0.884121371003081     
 -0.939720671206586     
  -1.10557337752307     
 -0.154816379653713     
 -0.183345402632960     
 -0.216518438754436     
  5.600325107493680E-003
  -1.00841518522634     
  0.554692239821554     
  6.918063804552721E-002
  0.150554912583839     
   2.52137378526468     
  0.447231193427942     
  0.215478102006611     
  0.679345747223923     
  0.838040125714265     
 -0.134606176439782     
  7.002523673070016E-002
  0.401138453315748     
  0.448820818132942     
  0.441217315088573     
   1.85010035754147     
 -0.792237801820535     
  0.705545949578312     
  0.255398349903953     
 -0.682934431707144     
  0.377652743970608     
  0.154250493898101     
 -0.617040111306627     
  0.493478948511174     
 -1.278288539510352E-002
 -3.033742094984622E-002
  0.399516928188368     
 -0.434846986040769     
 -0.253056171275041     
 -0.436236170635303     
 -6.687387875840796E-002
  0.415138912366155     
  0.759134000998173     
 -3.889375902827172E-002
 -0.464383759294822     
   1.04112262440753     
  0.543505040809443     
 -0.172272797312176     
  -1.09576200751475     
  -1.07884117317709     
 -0.309711215176202     
  0.737488269414661     
  0.217210097492338     
  0.150929235624405     
  0.280704068600595     
 -0.134687343846687     
  6.142964892079629E-002
  8.134846344321568E-002
 -0.290398829106593     
 -0.322685955200979     
 -0.257307334069676     
 -0.433511276176655     
 -0.249555000360813     
  0.977429353585660     
 -4.239753649853111E-002
 -0.569058033292823     
 -0.628974487398147     
  0.121130803025358     
  1.715152697190579E-002
  0.214677364196359     
 -4.373488784402347E-002
 -2.894968135273538E-002
  0.475125404786961     
  5.525924458442835E-002
 -0.171953383402466     
  -1.53344523808007     
  0.447455622359129     
 -0.744652445379688     
  0.549188235278685     
 -4.441056064375709E-002
  7.475044173607677E-002
 -5.839357664231087E-002
 -0.637394867292256     
  0.269699263164570     
  0.497400449925361     
 -4.128567177389155E-002
 -1.278440784838484E-002
 -0.100608574278752     
  0.414461754210806     
  0.411722191109542     
 -0.487243911855478     
  0.267476688682402     
 -0.971548787863032     
  0.415850419134429     
  0.211916482080080     
 -0.222577797254950     
  6.687380159425331E-002
 -0.417014623448143     
  0.209731409161603     
  0.781288067908190     
 -0.238185791115433     
  6.333015801433499E-003
  0.455090177816176     
  0.211990338813775     
 -0.621674177067112     
  0.114762984387288     
  -1.05682740086557     
  -1.35310182481958     
   1.40899042119550     
  0.915730134539007     
 -0.139880156319098     
 -0.221314820888849     
   1.51500370171959     
  0.575164683937338     
  0.502805722062181     
  6.464281391935467E-002
 -0.528292753270729     
 -0.152443755187529     
  8.015590815080278E-002
  9.083176355705286E-002
   1.10740331698037     
 -0.378796218244212     
 -0.204155038513426     
  0.743124905539513     
  0.364725340465943     
  0.740976642033716     
 -0.369621167311510     
 -0.134074472005496     
  0.283281181613393     
 -0.248626590679357     
  0.144677491193892     
 -0.401179182839517     
  0.902930527559827     
 -0.609278772375202     
 -0.602346974719307     
 -0.501906530418740     
 -2.083569918356124E-002
 -0.191795429472744     
  0.827805145737083     
 -0.513697065683845     
 -0.138357616615571     
 -0.482991345317497     
  0.777739789019657     
  0.576270969126308     
  8.068402032553593E-002
 -2.823346782676907E-003
  0.206923371756211     
 -0.431277984075785     
 -0.632230347175847     
  0.197815919599145     
  0.712181919367909     
 -7.466259557314625E-002
 -0.236730450712720     
  0.647548406416952     
 -0.170604624493086     
  0.357899752338850     
   1.51078260574792     
 -0.298115632814526     
 -0.691504177712497     
  0.602334835394513     
  0.317319988391443     
 -0.138795161858533     
  0.664572909254056     
 -3.809296177183474E-002
 -0.260970390266834     
  -2.03270789229308     
  0.310656710761191     
 -0.439539623053787     
  0.413386650701513     
 -0.888233142944301     
  0.299604967401853     
 -0.282793937239870     
  -1.40400544618991     
  0.366125126027635     
  -1.11665183120924     
 -2.541219629747689E-002
  0.325490959699044     
  -2.07166437038778     
 -0.298473720206932     
 -0.601606237115379     
  0.995963261235189     
  0.534518564374923     
  0.166926566554655     
  0.169914956932054     
 -7.465302344425540E-002
  0.480900746318699     
  0.176270192126310     
  0.198788186118965     
  0.931239311625852     
 -0.245016045933742     
  0.157665397231875     
  0.236854285453424     
 -0.234272022705875     
 -0.110362161466913     
 -9.204013357315587E-003
   1.88372542486068     
 -0.235754203395131     
  0.760378540708705     
 -0.716439451464800     
  4.162183877920798E-002
 -0.842804706110809     
 -0.100034037755109     
  0.829290077792165     
 -0.288199461791536     
  0.166655047406831     
  3.024195557808707E-002
 -2.053829979167222E-003
 -0.194979193504503     
 -0.174651363488079     
  0.590373151902487     
  0.651649252350758     
  -1.22395144473453     
  0.467200842106545     
 -0.241860628674575     
 -0.826021715040323     
 -0.220237285604828     
 -0.454577325385255     
 -2.315908566992233E-002
 -4.867108877703299E-002
 -0.623852923831717     
   1.24633421203209     
 -0.856825524955101     
 -0.260345515099808     
  0.216248660714317     
 -0.152652483299696     
   1.22031368387479     
 -0.396118928718041     
  0.400627475287832     
  0.113503078512444     
  0.423792087963170     
  0.290107690317103     
  5.934903514261951E-002
  -1.18125950894667     
 -0.652031849375230     
  4.977457591143084E-002
   1.33614563853375     
 -0.339807313335487     
  -1.27737739432996     
 -0.238166454602367     
  3.362455707437810E-002
 -0.276667429554306     
 -0.366333640046038     
 -0.435488576332169     
 -0.405221723723601     
 -0.276529914379569     
   1.13006849919148     
 -5.004606126510119E-002
  -1.06743699599799     
  0.181376413429673     
 -0.958133694864317     
 -4.450229677509569E-002
  -5.66632071630118     
  -1.44755587640374     
 -0.252152912406366     
  0.292165823761174     
   1.20791888379105     
 -0.199603257770292     
   1.50780354572903     
 -0.132985937666013     
  0.440066986689019     
  8.121757286251285E-002
 -0.210167204869022     
 -0.164753866211539     
 -7.155387533890555E-002
 -2.437274308679803E-002
 -0.394976144107967     
 -0.411897565240079     
 -0.227794827364504     
 -0.997328554597367     
 -0.332016441414886     
 -0.662276479763380     
  0.524646659189243     
 -0.375964205488773     
  -1.20782452960072     
 -0.313110141434840     
 -0.120227948560458     
 -0.392726120495406     
 -7.087852395876680E-002
 -0.678974256712733     
 -6.251212278826716E-002
  6.418786348416640E-002
  -1.28090469331378     
 -0.219200154931303     
  0.552584127492482     
  0.923238207185407     
  0.341112460311089     
 -0.383230837636113     
  9.282757656616600E-002
  0.706749928727859     
  0.443542826415133     
  0.148111099219611     
  0.137720310443557     
 -0.358704505486003     
  0.120121651312736     
 -0.434325492269936     
  0.911577022217984     
 -1.650884170143673E-002
 -0.166240687405514     
 -0.479349315938904     
  0.108570525792278     
 -0.441514091286579     
 -0.354275106868818     
  0.409772889829084     
 -0.209335264741486     
 -0.304556965711930     
  2.739221051497655E-002
 -0.647361515215620     
  8.217534088929333E-002
 -0.516898519379297     
 -0.316826811094836     
  0.385027718158106     
 -0.129400277866285     
  0.151314986091632     
  0.572316168499078     
  0.143478765754847     
 -0.534725650641086     
  0.610250018046715     
  0.191711081717250     
 -8.238591234210917E-002
 -0.425524098861744     
 -0.673635516413913     
  3.565526963758264E-002
 -7.265293246106715E-002
  7.838472292867919E-002
  0.165048682107303     
  0.346268239097940     
  1.412945457414220E-002
  7.112123741233345E-002
 -0.441091355940777     
 -0.394944129056209     
 -0.142747090136398     
  -1.38165699782809     
  0.355570598621144     
 -0.676425628802396     
 -0.224766738626051     
  0.255733905661670     
 -0.208163017567947     
 -0.662751631462904     
 -0.174375162828928     
 -0.428311002406796     
  0.504209428152646     
 -0.179564240885682     
 -0.596806730008396     
 -0.344314445914258     
  0.268445290182418     
  -1.10575185464854     
  0.233483151445410     
  0.461372876131141     
  0.974421962039440     
   1.50126382763859     
  0.437546008961088     
 -0.945247716615262     
 -0.871701130908081     
 -5.538400355478049E-002
 -2.116865387350293E-002
  0.963854690240831     
   1.34741536126680     
  0.559824290393084     
 -2.000244257403343E-002
  2.192953973094982E-002
  0.410433689652658     
 
   1.87288024339150     
   1.46290821688671     
  0.836940034753557     
  -1.40474395917001     
  -1.27152933607168     
 -0.615531415617567     
   1.23449369714697     
 -0.863901679524973     
 -0.419406790238892     
 -6.386485073839740E-002
  0.421029611052302     
 -0.284992029492141     
 -0.530793253392853     
 -0.394721738149783     
  0.333594991440686     
  0.538096925081082     
 -0.646440687941092     
 -0.420411346068962     
 -0.946987646246754     
  0.886347249598252     
 -0.777121891806397     
  0.753237507867055     
 -0.756837511549914     
  0.791884166664986     
  -1.38621934960668     
  -1.77222511249146     
 -0.690853614146421     
   1.44687980650446     
  -1.60131456790641     
  -1.73698602287706     
 
  -1.13285415210532     
  -1.57069277199241     
   2.25507436150359     
 -0.468246587677074     
  0.506115939707635     
 -0.882662266006755     
  -1.42505980687451     
 -0.267665084592263     
   1.20305951696214     
   1.39916457582340     
 -0.797794787688738     
  0.291200496186764     
 -0.832647226586163     
  -1.66145679097528     
  -1.23834353796988     
  -1.29852088177236     
 -0.661423716214522     
  0.109495519542348     
  0.188098971354493     
   2.48343245494008     
  -2.66634154009430     
 -0.509169736616650     
   1.44286597396277     
  0.154544092134636     
  -1.35183658343564     
 -0.275886538772305     
   3.21561217583648     
   1.12193211069730     
  -1.18176083903127     
 -0.576877518681997     
 
  0.686622495353389     
 
  1.619599415469963E-006   1.17329243902006     
  1.619596792346023E-006  0.586646219510032     
  0.000000000000000E+000  0.344153786865412     
  2.623068429130626E-012  0.688307573730825     
  2.623068429130626E-012  0.688307573730825     
  2.623096184706242E-012  0.344153786865412     
  0.000000000000000E+000  0.201896517994655     
  0.000000000000000E+000  0.403793035989311     
  0.000000000000000E+000  0.403793035989311     
  0.000000000000000E+000  0.403793035989311     
  0.000000000000000E+000  0.403793035989311     
  0.000000000000000E+000  0.201896517994655     
 
  -6.97173859000000        63.0891459800000     
 
  tansig  tansig 
  12 - 30 - 30 -  1 
