  0.544319041744519     
  0.983533757181098     
 -0.529036111616538     
   1.57242301693949     
  0.947281209525723     
 -0.107513463484972     
  0.199611968019128     
 -0.995142287951639     
 -4.972684987441220E-002
   1.42161714483843     
 -0.555256655175150     
 -0.167251793913221     
  -1.97904716603014     
 -0.914716320500330     
  -1.20643756585000     
 -0.323320032857718     
  6.441775153052386E-002
 -0.208933185142442     
  0.346540640015321     
  -1.41140225645129     
  0.803850762243110     
   1.03778973854249     
   2.68400036813764     
  4.537498286186362E-002
 -0.204651685153797     
 -0.529116940487353     
 -0.670281222896798     
  6.377717275420625E-002
  -1.13686251724020     
   1.97551914648791     
 -0.961648380399038     
  4.797269405745529E-003
 -0.827377234890680     
   1.09329622354393     
 -0.278189650518265     
   1.31388606248904     
  0.642854824789781     
 -0.804697302856831     
  0.669365876387667     
  0.245522517388133     
 -0.438636598624204     
  7.590979921090676E-002
  0.601241125262389     
  9.326610725473723E-002
 -0.191687928660539     
 -0.896166393395348     
   1.03902806320868     
  1.744678930690311E-002
 -0.334229262849510     
 -0.849164425022522     
  0.568921297188465     
  -1.19236120165128     
 -5.334460315668601E-002
 -0.755313102069333     
  0.291796514296928     
  0.841646946482502     
 -0.866566990041118     
  0.190494691241724     
   1.25130275891651     
 -0.467120877581615     
  7.969411790471571E-002
 -0.685690421755056     
 -0.713228728446671     
 -0.277868673477863     
  0.988572818424996     
 -9.418290412362118E-002
  0.640425828902358     
  3.996568458746456E-002
 -0.917880216729838     
   1.10194429903085     
   1.64501091530394     
  0.460260790779566     
  0.315736044060661     
   1.02488866074190     
  0.470340332200492     
 -0.759805691481534     
  -1.00069874972233     
 -0.341420117586111     
  0.970017639350105     
  0.979303021285965     
 -0.428565454385022     
 -0.675718437270953     
  0.594769081409011     
  0.771030368388211     
  0.664807101724164     
  0.289174457175650     
  -1.00130254666435     
   1.14084924978719     
 -0.197497160852478     
 -0.629290945824812     
 -0.156237087589364     
 -0.380512623478493     
   1.10503981474345     
  0.849401172303758     
 -0.666821751736420     
  -1.21715778555345     
   1.80899856265602     
 -0.520029785468680     
  -1.09445618765777     
 -0.912521057269447     
 -0.183570492845086     
  0.890602914132688     
 -0.263811308276053     
  0.693981349692385     
  -1.13899741113557     
   1.05213989352954     
  -1.05485047186856     
  0.159070428784690     
  0.507899481760042     
   1.68137962704186     
 -0.435026570884302     
  0.962308150208613     
  -2.35606604792476     
   1.16173033564985     
  0.830748834718470     
 -6.504921228032982E-002
 -0.728677645166312     
  0.496394010947154     
 -0.838923193987820     
 -0.196777904468129     
 -0.801323194981438     
  5.674389559731482E-002
  -2.69774506913064     
  -1.51608484778285     
   2.33499661811417     
  -1.05609682872039     
  -2.09691088178549     
 -0.976531213246075     
  0.235938958850758     
 -0.462828220098230     
   4.40995790229860     
  0.717117251401675     
  -1.38540349807251     
 -0.638615469422226     
 -0.780807103687524     
 -0.704154465616943     
  0.595932581812211     
  0.204990230164385     
  0.519924845367094     
   1.11639460009151     
  0.113995963116135     
  -1.00190359582733     
 -0.480201722082550     
 -0.320824687406363     
  0.572059192441655     
 -0.242454416874490     
  0.204698488239709     
  0.801619569837812     
  0.590528963524930     
 -2.388298050276478E-002
  0.245258954582004     
 -0.223696768624502     
 -0.532865972458676     
 -0.665014085880631     
   1.19051758662705     
  0.570699461581432     
 -0.770662636221757     
   1.18122629317831     
  -1.23878480945683     
  0.152954649973148     
 -0.208678114999524     
   2.70869978200557     
  -1.35411436817208     
  -1.41732625482211     
 -0.190624166476066     
 -0.110857302090818     
  0.921464615964390     
   1.21297872268622     
 -0.946535318490748     
  0.852584185378144     
  -1.00456930645980     
 -0.104229923226003     
  -1.14809359672950     
   1.67622521013884     
  0.344777205658876     
  -1.08257986207533     
  0.476745875855873     
 -0.545274889972636     
   1.66157047257753     
  0.358240626844728     
   1.10403830538861     
 -0.566879562965807     
 -0.654553881140165     
  0.246542257189598     
   1.10402838919592     
   1.00664458457564     
 -0.339168310773262     
  0.295675413719518     
  0.286805873481305     
   1.06552283130014     
 -0.986820850772174     
 -0.470573689001166     
 -4.872085202113728E-002
 -0.503783861428862     
  -1.59102461634382     
 -0.966896379263060     
 -0.342421625188340     
 -0.237411081996601     
  0.707582491060422     
  -1.05184948799024     
 -0.453253446123388     
  0.375481785107279     
   1.16500273746630     
  0.783979955781486     
 -5.910079219394043E-003
  -1.22039751398156     
  0.360861445555647     
  -1.77715896590218     
  0.203590356024533     
 -0.695961596284157     
  0.430695675057434     
  0.898226467999449     
  0.483047482379231     
  -1.54054853716582     
  0.847347027640401     
 -0.161143956583871     
  0.796570990877464     
  0.798026956132492     
  -2.61931376916368     
 -6.204424682303178E-002
   3.15216649666516     
  0.761816864810646     
  -1.49328476860594     
 -0.893777766965485     
 -0.263612796195940     
  0.139604427348048     
   3.69632953507440     
 -0.759094305818173     
  0.801947532615897     
 -0.134919324794408     
  0.466162585113905     
  0.567660767424077     
  0.900793899755197     
 -8.599541295453537E-002
  0.705031211213757     
  -1.36868317360829     
  0.908959860789698     
 -0.625168688031247     
 -0.212734592618246     
  0.561054496467371     
  0.798522516478970     
  0.209964098435192     
  0.255539693824600     
   1.30803879782540     
  0.297277286932535     
  0.117826955161019     
   1.74432617540145     
 -0.403922428219688     
   1.29035255892287     
   1.65980069914409     
  -2.07209139226471     
  -1.70681065243255     
 -0.452592052351834     
   1.82442223183980     
 -0.110855509818093     
 -1.834698357929369E-002
  3.447347465987427E-002
 -0.553029050579781     
 -0.478440899366163     
   1.03503108893010     
 -0.125764109386942     
 -0.290089003993304     
 -0.590663474377758     
 -6.433254717889773E-003
  -1.88553406416651     
 -0.849163904502916     
  0.180509464658620     
  -1.44095941181210     
  -1.59067253737125     
   1.14517644018760     
  4.348221902097926E-002
 -0.283901266138051     
  0.390254225140572     
  0.599152888869664     
 -0.934931336173385     
  0.260404313686455     
   1.12989781436339     
 -0.122083097889302     
   1.00915473079731     
  0.935671058798144     
 -0.878728754256200     
  -1.50543306167984     
  0.286551016863036     
  0.384873961640515     
  -1.22422747578270     
  0.906479272035332     
 -0.798427187109115     
  -1.10296444841545     
 -0.128648471015622     
 -0.280352161481434     
 -0.279522890639258     
   1.13840909502237     
  0.474432833430706     
  0.426819982982406     
  0.661225037533226     
 -0.909308657180618     
  0.300345850180391     
  0.129716062014408     
 -0.868769775978784     
  0.778522643669021     
 -9.993523738812440E-002
  0.452596171674984     
  -1.27896502955087     
 -0.470643523507552     
   1.65764239235742     
   1.59020623958643     
 -0.692422352421253     
 -0.614410034611458     
 -0.505044359505691     
  0.365728226613949     
  0.870081410765662     
  0.771216621054128     
 -0.331370663610432     
  0.905113694653626     
   1.04869975682990     
  0.473115242651226     
  0.484711225783090     
 -5.717086374312742E-002
 -0.466765310205799     
  0.729125108814072     
 -0.822240610039217     
 -2.510295670402048E-002
 -0.553204094505347     
 -6.386327319778447E-002
  0.739391302545510     
  0.806795807928823     
  0.573574457915883     
  -1.32632339056528     
 -0.220191404681804     
   1.86544682509451     
 -0.266121277119740     
 -0.237263399365745     
  -1.32081855014215     
 -0.701839571275855     
 -0.184130427877350     
   2.26099546813281     
   1.18013180555299     
   1.44684764099958     
   2.89723927837989     
  0.183148049409226     
  -1.33213960648155     
  0.616008711434541     
  0.415090753551871     
   1.21749580982133     
 -0.752364331544342     
  0.192504575714569     
 -0.256425984819052     
 -0.626799372784320     
  0.493499660324397     
 -0.426690917229992     
   1.78481310958296     
  0.284746895565761     
 -0.905121251386652     
  -1.50018680240096     
  0.705918619599328     
  0.936164893453993     
  -1.32633824338920     
 -0.727614745332848     
  -2.65657111302395     
  0.950475515420949     
 
   1.94123066468222     
   1.74932538527574     
   1.62106514915273     
  -1.71678102385188     
  -1.48988694112215     
   1.71938671381609     
 -0.916105280412131     
 -0.478571168498462     
  -1.78571485974009     
 -0.230287208213930     
  0.441806033107493     
  0.169054509735466     
 -0.301672563020181     
  0.607698166046663     
  0.259168009615106     
  0.149385396898421     
  7.260757317477409E-002
 -0.172497685263952     
   1.10398023900339     
   1.22022372189572     
  0.634182120610131     
  0.513542563001917     
  -1.33592571315623     
   1.83936054808731     
  -1.29670630326923     
  -1.14207741492611     
   1.43787199712833     
  -3.01690505544776     
   2.74279464890536     
  -2.25715323148689     
 
 -0.798424261214364     
 -4.618664452378950E-003
 -0.687822006174631     
  0.611564197499654     
  0.171235067098468     
  0.663839131367128     
  5.687493896308635E-002
 -0.675699434576568     
 -0.365718862812328     
  0.158931259031811     
 -0.267608529067108     
  0.589647449424178     
  0.292689481936409     
 -0.251326680084221     
  0.653367154251380     
 -0.420898863935233     
 -0.315002194812810     
 -0.981554521435514     
   1.24703622528781     
 -0.131586881018017     
  0.719155403813538     
  8.271246236317758E-004
  0.451563667976133     
  0.657726493077344     
  0.320853982909256     
 -0.319447272893477     
  0.491095259455668     
  -1.52066274246674     
  0.873017362690350     
  0.135292021595016     
 -0.338945962650445     
  0.827142714621993     
 -0.490572464034101     
 -0.174960737279972     
 -5.618303042889171E-003
 -0.454262710273557     
  0.513792102140565     
  0.347719654114398     
  0.122880218788550     
 -0.179462023318798     
  0.582321266251657     
 -4.030014268984923E-002
  0.138779650497655     
  0.444631666334933     
  0.561360490829048     
  0.114461812761700     
  0.204301715001382     
 -0.401165846110942     
  5.026884573508551E-002
  0.740275322754109     
  0.250664407880859     
 -0.511385140345755     
  0.181667670773963     
 -0.360788898088253     
  0.323944257631998     
 -0.255452810470681     
  0.636840577569509     
  0.470135953642995     
 -0.503313282819893     
 -0.598449404529867     
 -1.056899988694996E-002
 -2.815606605126477E-002
  -1.00797691537007     
  1.441581880841426E-002
  0.349164787214810     
  -1.63662931753929     
 -0.415380605151266     
  0.390253946680836     
  8.565149019547137E-002
 -0.313044427019682     
  -1.74906310186310     
   1.65915183056429     
  0.203701683893506     
  2.339923988793784E-002
 -0.908440517153711     
  3.400533700757247E-002
 -0.373545111690609     
 -0.287138036167425     
 -0.500441071087938     
  0.184694110560170     
  0.919069011736350     
  9.893697661155479E-002
  0.403483155145629     
 -0.303649118344903     
 -0.321458208165719     
  0.425072277893590     
  8.596208795012705E-002
 -3.417997407957148E-002
  6.394967784473432E-002
 -0.273971273400306     
 -0.314060445371095     
 -0.153370898903259     
  0.223069467919959     
 -0.169004384790940     
 -0.488843437276617     
 -0.249159691073793     
  0.530473973489795     
 -0.180119658134043     
  8.053900839623285E-002
  -1.47841311470899     
   1.06350346958062     
 -0.391407339643640     
  0.173717783878551     
  0.877181992225373     
   1.10947428253072     
  0.248759013396907     
  0.108204605463972     
  0.485727635593904     
  0.573986147231293     
  0.774268826101024     
  0.101483833136013     
 -0.871584017876644     
  0.228513466021084     
  0.215784586764589     
  0.358258508210604     
 -0.181640754030392     
 -0.539991278647899     
 -7.396513016416242E-002
  7.531947961068308E-002
 -0.551329273581654     
 -0.437087952564432     
 -0.326915022792225     
 -0.212637731145388     
  0.580381313309155     
  0.107152489657978     
 -0.270686051098242     
 -0.328119348809303     
 -0.541951889459740     
 -0.247897164152194     
 -0.505860243785381     
 -0.744873847051257     
 -0.253541148311852     
  0.221646119705276     
 -0.132862574320736     
 -0.276451230523342     
 -2.496513638053285E-002
  0.642507119744753     
 -0.770864184303879     
  0.460799935516949     
 -0.712415489582285     
  0.373781241990485     
 -0.325311013073346     
 -0.210211921542497     
  0.301154898571824     
  0.271332906583442     
 -2.950611283503807E-002
 -0.147722246506211     
  0.196584542155926     
  0.122975202457288     
 -0.263327151908150     
  0.520426302765707     
  6.713886594210267E-002
  0.219235465422008     
  0.548987101094640     
  0.326370252230058     
  0.580898834622453     
 -0.518537854349939     
  1.137764982270577E-002
  0.791482420910241     
  0.483183074345413     
  0.888103922751045     
 -0.606164526647467     
  0.334154585140529     
  0.278500403207933     
  5.752811780602177E-002
 -0.479785131730404     
 -0.231706243924889     
 -0.153069599754735     
   1.09225001999443     
 -0.416611511508128     
 -0.523996873735705     
  0.267525958324639     
  0.384102427303087     
 -0.368114647596545     
 -0.175651698998942     
  9.655300129187268E-002
 -0.118636365165900     
 -0.396072378692190     
 -0.824990301914912     
 -0.225216166807081     
  0.813859320930710     
  0.980837964339970     
  0.795120056332531     
 -0.488771749730010     
 -0.820745252714583     
  0.144651677739186     
 -0.270284479935065     
  0.702257544544509     
  0.746471285496399     
 -0.332794511340202     
  0.700227698853938     
 -0.113417955179385     
 -0.339887466418232     
  0.262602897532675     
 -0.218275495065540     
 -0.424753722316925     
 -0.403747647492859     
 -0.340835900701387     
  0.982689149935824     
 -0.471972147792747     
 -0.354838696609179     
 -8.056090422377261E-002
  6.098287562336340E-002
  0.209040224782084     
  0.260218357677820     
  -1.05131716691114     
  0.104920835900065     
 -0.324687494601772     
  0.535026594594572     
  0.128571200023944     
 -0.755172662212834     
  0.637894887293875     
  0.248881459590757     
 -0.451537196326620     
  0.148318647408314     
  0.449583295203001     
  6.622568102078827E-002
 -0.649214709145885     
 -0.678899625182765     
 -0.340448959062755     
 -9.061950469106628E-002
 -0.630847251084627     
  8.217656433719292E-002
 -0.149884487253697     
  3.764194769740966E-002
 -0.361325802426297     
 -0.336322776818274     
  0.706485365596297     
 -0.519771966568242     
 -8.040751236366288E-002
  0.148065990671594     
 -0.375092206062886     
  9.023890211965634E-002
   1.63406515052163     
 -0.371920625400822     
  0.294980151335446     
  0.338121451310100     
  -1.28827196097550     
  0.111236799354643     
  0.217413625364283     
 -0.112056047929227     
 -0.583770270211879     
  0.660896110780443     
 -0.444312709254057     
  0.112546915718886     
 -0.134532550679431     
 -0.482438677814656     
 -0.647539111354374     
 -0.239446196020967     
 -0.321253163054582     
  0.265715296851246     
 -0.200317990333828     
 -0.750829226717994     
  0.128095340236329     
  0.226751806625220     
  0.224841946485348     
  0.265875845956962     
  0.213915216486864     
 -0.506723381294739     
 -0.361223995439987     
 -5.071865956101769E-002
  0.490173962859864     
  3.469990426811917E-002
 -0.112391033613359     
  0.200743753837594     
 -0.428185565278808     
  0.626490145321106     
  0.106506017921422     
 -0.304570557186433     
  3.673757754931745E-002
 -0.445336985966677     
  0.516942934956376     
  5.583508193303888E-002
 -8.347000820997398E-002
  0.279174582952382     
 -0.417138706971287     
 -0.165199428502659     
 -0.521774074006191     
 -0.366966634636914     
 -0.693566905434702     
  0.496659386983555     
 -0.540025590403309     
 -0.275155907701961     
 -0.175007786931556     
  0.922583818980699     
  0.451328424367190     
  4.741035005799814E-002
  0.617464341912125     
 -0.184767700338686     
  0.368317948254645     
 -0.116585533958638     
  1.402925189058467E-002
 -0.200502622401140     
   1.11973444349565     
  0.266119061768656     
 -0.896866988005546     
 -0.202093115628025     
 -0.295689679645152     
 -0.610820518483254     
  0.727637470845541     
  0.867331741958844     
   1.12564699240976     
  -1.17315206129267     
 -0.216206612870881     
 -0.464536782128513     
  0.588546717732099     
 -0.635519578385069     
 -0.292240490887560     
  -1.34150776117438     
  0.109022202908237     
  9.484863890404197E-002
  0.148641685522553     
 -0.136730615467844     
   1.04151951957792     
 -2.983751072371392E-002
 -0.556547163666673     
   1.09829328980846     
  0.445589004720639     
  0.112080769782853     
  7.426662777310321E-002
 -5.787694744587155E-003
  0.704138029141411     
  0.752892514146301     
 -0.784172724539506     
 -0.438368701333730     
  0.959087298418604     
  8.797909251187067E-002
 -0.384032688904555     
 -7.015306917290041E-002
 -0.359885328534196     
  0.390244552454340     
  0.579297144431190     
  0.528885668483142     
  0.241542145147259     
  0.642826232145830     
  0.252748990017211     
  1.984571406140061E-002
 -0.121430563600019     
  0.152232759010766     
  0.477783304614196     
   1.20632181110642     
  0.223618238997239     
 -0.824257632417876     
  0.269022558124190     
 -0.175567379060672     
  0.470665912371396     
 -0.550885352019980     
  0.280625731566966     
 -0.116855744188643     
  0.295015272168484     
  0.284027937117751     
 -4.640355963274955E-002
 -0.244088177166174     
  0.244293118129350     
  0.629463960331141     
  1.256907133858865E-002
 -0.524681378163340     
 -0.857466710766461     
  0.332174449234462     
 -0.608088099018084     
  7.511348510506487E-002
 -0.461311720007438     
  0.297207902995130     
  0.393742663397400     
  0.734380633795468     
 -0.445139129955744     
  0.756129389868825     
 -0.473670902490889     
 -0.180279562428427     
  2.314433690083910E-002
  8.600616705759985E-003
  0.277663450070532     
 -0.370687688335854     
 -0.188814190832149     
  0.142232558622869     
 -0.110808713671553     
  0.592599321226672     
 -0.274274019295858     
  0.748982700455686     
  6.793761378682700E-002
 -0.240242291907791     
 -0.813839367465987     
 -0.137539169149239     
 -0.977821451115510     
  0.481985663120615     
 -4.758848756385250E-004
  0.118872926408650     
  0.676043897106579     
  0.445971533831800     
 -0.174733823874846     
 -4.759109719487638E-002
 -0.198308054678217     
  0.248387200109030     
  0.219745800555778     
  0.336839408369120     
  1.686081795309762E-003
 -0.549350854254153     
 -0.316873843320754     
 -0.491575387726743     
  0.182873738382261     
 -0.842747438404105     
  0.243834657552958     
 -0.211129589039345     
 -0.254714703393535     
 -0.219269739019491     
 -0.534463313622124     
  0.208506882518825     
 -3.490273797038818E-002
  0.225043172533340     
 -0.208858476438591     
  0.310032555023167     
 -0.397724542610285     
 -0.380694612258627     
 -0.514940450046837     
 -0.418670797900092     
  0.454830629578458     
 -0.118081417526676     
  0.242465199707026     
  0.181179618632604     
  7.973874127201543E-002
 -0.840256575945142     
  4.095230389254081E-002
 -0.254258553997548     
  2.456941243742591E-002
 -0.280800896018025     
  0.895142705376688     
 -0.357329343154916     
 -0.338859627161302     
 -0.107490719859378     
 -0.773850296889947     
   1.29421666735374     
 -0.271648186460509     
  0.399409694756434     
  0.560500292328491     
  0.855000706510241     
 -0.533400516609381     
  0.676297879631312     
  0.651937026139229     
 -8.738840952960628E-002
  5.150394153677809E-002
 -7.945365922891204E-002
 -0.411838420531912     
 -0.625243466610173     
   1.47196508381234     
   1.06390487770159     
 -5.167714819904132E-002
 -0.119737447727968     
 -0.750836207671025     
 -0.103612680970934     
 -0.534181794674386     
  2.330594352381482E-002
  0.298593506152104     
  0.252160079675069     
 -0.238164373739945     
  0.370540393570611     
  0.388523136951242     
  0.197114240411810     
  0.295338190897598     
  0.728481065133711     
 -0.544516983357175     
 -0.165687029419336     
 -0.120297027782440     
 -0.391878658105489     
  0.323528684839016     
  0.932381332932601     
 -0.166738086591471     
 -0.478364287194740     
  0.128594740708269     
  0.238696206315920     
 -0.594210404318462     
  4.180105773414083E-002
 -0.476098948928765     
 -0.185752541381944     
  4.838134769284994E-002
 -0.342633149294411     
 -0.455144153723352     
  0.146011887898934     
 -0.280180219145190     
  0.162329416034474     
 -0.804737825561928     
  0.309029170429668     
  3.387340101293797E-002
 -0.121937156582894     
 -0.448956395402664     
 -0.104706549217009     
 -0.117205814306068     
  0.798173005626811     
  0.718124310086197     
 -0.321957217498154     
  0.506096116208621     
  0.213707311762654     
  6.464083028505856E-002
  0.459440908410470     
  0.342301906137790     
 -0.797078763897604     
  0.265910637525504     
 -0.466852209400712     
 -8.657277711861373E-002
  2.323748763724180E-002
 -0.171679374913739     
 -0.203908154033872     
 -8.167385412978730E-003
 -0.152498810746206     
  0.396310436080840     
 -0.205068069573206     
  0.309812423286672     
 -0.154062104410621     
 -4.906789438479212E-002
  0.286341080829070     
 -5.879364800762591E-002
  0.361697805981302     
 -0.254919957893123     
 -0.186261395053263     
  0.625652601405632     
 -0.375894915393154     
 -0.292818374349664     
  0.401101921283121     
  8.783092900050198E-002
 -6.748821363718967E-002
 -0.123549457976523     
  0.361632106324049     
 -0.202061341622421     
  0.409520943106552     
  0.953233879812039     
 -0.787369125600940     
 -0.452267248083723     
 -0.343693343402411     
  0.206339769519123     
  0.176002191874839     
  0.571412467823378     
  0.320994822163409     
 -0.685069759760268     
  0.736047606381745     
 -0.253446831868764     
  0.122985535553092     
  0.151227929438061     
 -0.415974703828307     
 -0.411322829103599     
  0.100377750819585     
  0.635006010215790     
  0.502639495022229     
  0.399037199263643     
  0.235702020365557     
 -0.324404752659194     
 -0.752321582550971     
 -0.383190252797716     
 -0.726833494254384     
 -0.209750211000100     
  0.150155752406826     
  0.414783479620675     
  0.382032362133823     
 -0.443029429013063     
  1.682074309154240E-002
  0.153818390347410     
 -0.237445451859235     
 -0.698703569184320     
  0.292789334163801     
  0.412965258158817     
  0.975263811141899     
  7.527052614257436E-002
 -0.190950931174276     
 -0.227708295916086     
  0.104900496426635     
 -0.109725747905448     
  0.267632796164771     
 -0.319109606645925     
 -0.624808253768771     
  0.172841720737998     
  0.509999166751324     
  0.433639331115670     
 -0.389515597318303     
   1.23951869146974     
 -6.300327236442031E-002
  0.304326849032578     
 -0.614143732732743     
  0.431779583888797     
  0.804701875734417     
 -0.524242659098885     
 -0.719189313192667     
  0.801340994931109     
  0.948516066956499     
 -0.432932390912050     
  1.434307260473182E-002
 -0.372362907434466     
  0.870991461521847     
  0.971932828222590     
 -0.216159735277722     
 -0.211618204534444     
  0.577783419142039     
  0.239078774511447     
 -0.628618115906480     
 -0.494100929490678     
  0.341503844550064     
  0.305350006460087     
 -0.557960141103329     
 -0.575435467695443     
 -2.653163957812736E-002
  0.155835572726254     
  0.398720840224762     
 -9.086844069252425E-002
  0.225697054282626     
 -0.468307403449839     
 -0.397051934088002     
  0.321901485070423     
 -0.379330733748911     
 -0.922408801199659     
  0.184399498845163     
 -0.289094308665351     
  0.230209148723095     
  0.760371103331253     
 -0.713602084280825     
 -8.948572531616147E-002
  0.418457921399304     
 -0.136222093469764     
  0.252547932585503     
 -0.552078823491869     
  0.197759888626628     
  0.681254090793363     
 -0.833566615934182     
 -0.295200485645835     
  0.808609221094955     
  6.853752788204727E-002
 -0.188582209891568     
  0.516838211853362     
  0.267941351852698     
  4.825306127846633E-002
 -9.023720773589305E-002
  0.326159358966708     
  0.628151999196231     
  0.552302051506741     
  0.546452963055756     
 -0.101987064358702     
 -0.281494741706556     
  0.303625279921406     
  0.351721522271460     
  0.465869806830958     
  8.963098609130483E-002
 -0.247066563365499     
 -0.421674732874213     
  0.721168511721203     
  0.159724171745374     
 -1.283927588440045E-002
 -0.220126193950990     
  3.383629910487385E-002
  0.248245049037452     
 -0.792922168599122     
  0.382738689846111     
  0.386288273150997     
  0.706317599837063     
  0.381293755935991     
  9.753927835696777E-002
  5.078470429329825E-002
 -0.203981949597055     
 -0.139959263326732     
  0.776145105546460     
  0.374287962808723     
  0.389486473658994     
  4.639221430596410E-002
  0.198211679353875     
 -3.230933749998992E-002
  0.684913823373050     
 -4.432204482600016E-002
  8.544651291037919E-002
  0.695518817437876     
 -0.900533840080749     
 -0.995869066424470     
  1.140628824202451E-002
 -1.245778656642561E-002
  0.668809973958633     
   1.16694619388438     
 -0.825750126124877     
 -0.696385396499101     
  0.136505812488295     
 -0.462812564227706     
  -1.13709041845965     
  0.785675647888698     
  5.767475920416421E-002
 -3.499876793901242E-002
 -0.672444867047772     
 -0.985465001984261     
  0.406621881544858     
  0.491535297669688     
 -0.221531924811681     
  0.494162751352475     
  0.151808653311876     
  0.256487476739718     
 -0.276611861375798     
 -0.737367355307930     
  1.791552340461575E-002
   1.21026415467495     
 -0.885646066697153     
 -0.154596079192003     
 -7.953167344826977E-002
 -9.173068799778804E-002
 -0.160377775504174     
  2.493320711947693E-002
  0.214961726272478     
 -0.225750520897133     
 -0.601207253887108     
 -0.279419261249996     
  0.101533783696109     
 -0.228760074649635     
  0.164142891626754     
  0.874138662766362     
  -1.01758937336217     
  0.206249815626561     
  0.150870241476676     
  0.205927261303667     
  0.252119844304580     
 -0.203132529529391     
  0.534115022756887     
  0.545994035280772     
 -0.555679759028698     
 -0.440653831533706     
 -1.907693516507803E-002
  0.186922116111491     
 -0.124326633608670     
  0.239718102155624     
 -0.678830002575711     
  9.983581011185934E-002
 -0.127288013917087     
 -0.486160364618266     
 -5.129422431964549E-002
 -0.167860027870968     
 -0.427596430889249     
 -0.790242330818879     
 -0.178644806595631     
  0.501229230494902     
 -0.655344712365515     
 -0.284729324843241     
  0.369055005570256     
 -0.248780565233054     
   1.02541219763453     
  0.113092083824038     
  0.102978999195691     
 -0.487945512323961     
 -0.220717719781464     
  0.379372380505441     
 -0.695433458484218     
  0.550589880150322     
 -0.487255869697538     
 -0.371158400395097     
 -1.934539442149383E-002
  0.309815922996162     
 -0.320678680980642     
 -0.432268759791601     
  5.424406738747726E-003
  0.655218850800057     
 -0.476482726151121     
   1.29875148634247     
 -5.455125802099621E-002
 -0.910188317464080     
  0.655534807561575     
 -0.197750908209000     
  0.223209223384381     
 -0.336954813338008     
  0.636093245152103     
 -0.268911627130416     
  0.399580922485579     
  0.265916825380546     
 -0.179276387069742     
 -7.653692498570452E-003
 -0.279103044779309     
   1.07774796635790     
  5.393708822396344E-002
 -0.543163075952472     
  0.195451179371901     
 -8.137201208472754E-002
 -0.291521288049491     
 -0.724647919221937     
  0.485640587747010     
 -0.362419024918321     
 -0.128222998429541     
  0.726495303542149     
 -0.248440102564992     
  0.341750720331497     
 -0.768340873264020     
 -0.558430578711065     
 -6.417478335483597E-003
  0.270887846202699     
  5.609584420156707E-002
 -0.133070637286033     
 -0.205011034101528     
  0.321202666166646     
  0.669982611013092     
  0.515515849597937     
 -6.665529022176359E-002
 -0.923910080313360     
 -0.258034814197799     
  -1.08925465122375     
  0.630263085059323     
  6.214095896715518E-002
  3.375710134111886E-002
 -0.138560906172279     
  0.453900897855306     
  0.161808422822791     
  0.801423611090718     
  0.478622896845714     
  0.616681966988862     
 -4.464532097120124E-002
  0.886075648260077     
 -0.278965232923155     
  0.215736519628711     
  3.333558020744615E-002
  9.616971404128823E-002
  0.186036527417923     
 -0.117729754599465     
  -1.27686126619192     
  0.309707487209336     
 -0.549771115290398     
 -0.483995634878366     
 -2.526181637192371E-002
  0.105444412287548     
 -0.415409071479100     
 -0.160284050999685     
  5.202596776401194E-002
 -0.625374946335364     
  0.364825158734081     
  0.126359436166539     
 -0.438053094167440     
 -0.559429874051854     
  0.442162922729114     
  4.259776043900287E-002
 -0.218542734332669     
  0.137859003822840     
 -0.462512158857711     
  0.126812507248561     
 -2.994158633053278E-002
 -0.875015320019011     
  0.800611522943745     
  0.320891822957415     
 -0.448754255368977     
  0.365105959143218     
  0.395670261347525     
 -0.385246408920492     
 -0.233622124109307     
 -0.376507768858950     
  0.152414005096959     
 -0.212031741815041     
 -0.305160334701032     
  0.355288163918721     
   1.11187837852826     
 -0.976976887920041     
  0.654484827790759     
 -0.778504533005876     
  0.657572826216422     
 -0.621902992105142     
   1.13298358189040     
 -0.594646380795900     
 -0.510085363646613     
  0.361356730543669     
  0.637980322611309     
  0.176064275717212     
   1.44521051807728     
  0.505830814853544     
  0.223044194138535     
  0.914344666278153     
  0.997981228476649     
  0.460110189626715     
  0.130691289198037     
 -0.128805429263001     
 -0.372131833493096     
  0.498608780157137     
 -0.466245779855014     
  0.440320977357925     
  0.623169832996777     
  8.424268528094137E-002
 -0.687066497454360     
 -7.165502051690520E-002
 -0.631409390739960     
 -0.373834576787074     
  0.172283388090784     
  0.278230053609643     
 -0.305044747066226     
 -7.967713914029986E-002
 -0.473069992773188     
  0.108661810927308     
 -0.246551121517590     
  0.619560994419727     
 -0.228277287652952     
 -0.779714049557987     
  0.126567612156745     
  0.155726575253234     
 -0.245830913795183     
  9.497317482903798E-002
 -0.258293992030880     
 -0.228622372414283     
  0.854784277383163     
  -1.01488970818150     
  0.772313759511599     
  0.414307707504123     
  0.407887093900508     
 -0.559624401427779     
 -0.853997092430619     
 -0.411901690239337     
  0.199286597721266     
 -0.513726243067148     
 -0.430462957034972     
  0.786531662545429     
  0.497120311329314     
 
   1.32122565452977     
  -1.47133701803728     
   1.14175686603030     
  0.898402100960891     
  0.881469666179753     
  -1.08326569222018     
  -1.05519541886447     
  0.920395179596904     
   1.03504100052360     
  0.842599868408219     
 -0.343406027311345     
 -0.572111615641070     
  0.165051163243993     
 -0.109884115684717     
  0.124857898637687     
  0.361528617361143     
  0.129911145906645     
  0.109112041020908     
  0.383360256707832     
 -0.316248613342338     
 -0.762135662425955     
  0.382475752531669     
  0.410137235811762     
 -0.730470388011663     
   1.55261056844644     
  -1.26482214330689     
   1.09245318544613     
  -1.00984587013191     
   1.06795172078334     
   1.80992051104097     
 
 -0.194717870267112     
  0.836983682473856     
 -0.909777373637944     
  -1.59624738796521     
   1.06797510525752     
  0.491363912087397     
 -0.749225763660963     
  0.466743567267489     
  -1.36101309011619     
 -0.528360651734668     
   1.18186058779871     
  -1.45160411045359     
   1.25834927841161     
  -1.04559693443116     
  0.933464240839252     
   1.92281223006417     
   1.00217023393523     
   1.27021624657575     
   1.22388928796381     
 -0.802424835053132     
  -1.32725809857269     
   1.08043752379439     
 -0.477087014076837     
 -0.939927339528488     
  0.231625159676229     
  0.607333122757605     
  0.725829341065941     
   1.53702019477389     
 -0.842931304245353     
  0.472057542788159     
 
 -0.175206728971804     
 
  1.619599415469963E-006   1.17329243902006     
  1.619596792346023E-006  0.586646219510032     
  0.000000000000000E+000  0.344153786865412     
  2.623068429130626E-012  0.688307573730825     
  2.623068429130626E-012  0.688307573730825     
  2.623096184706242E-012  0.344153786865412     
  0.000000000000000E+000  0.201896517994655     
  0.000000000000000E+000  0.403793035989311     
  0.000000000000000E+000  0.403793035989311     
  0.000000000000000E+000  0.403793035989311     
  0.000000000000000E+000  0.403793035989311     
  0.000000000000000E+000  0.201896517994655     
 
  -6.86378479000000        66.9096074000000     
 
  tansig  tansig 
  12 - 30 - 30 -  1 
