  0.820551251155680     
   1.00755554678730     
  0.149362338888743     
 -0.499415827138805     
  0.540132166473893     
   1.02924989134355     
  0.440665157248741     
 -0.490687445874229     
  0.822777914768549     
  -1.38186480279468     
 -0.805715546533826     
   1.38895206099566     
  -1.45419330251356     
  -2.06033854759090     
  0.659768869977390     
 -6.655569895000792E-002
  -2.35153456220194     
  0.207405213539371     
   1.01846686230827     
  0.616812244050929     
  0.486837419190936     
   1.52849238918978     
 -3.302666410851784E-002
  0.224500617998718     
  0.633245307559761     
 -0.422523708507454     
 -0.237259293992580     
  0.289709720933579     
 -1.284543205174963E-002
  0.701064233039188     
  0.348648763416939     
  5.485096817307589E-002
  0.957433110858351     
  0.947764684535980     
  0.748615008425652     
  0.147877905723404     
  -1.41657396368682     
 -0.286175585333645     
  0.642983351720258     
 -0.787816379517599     
  -1.04649088670021     
 -0.675108036186402     
  0.945749202711681     
  0.550883061026291     
 -0.857193158072769     
 -0.576348212585436     
   1.60742736545296     
 -0.927711730233162     
  0.445930932465994     
 -0.447283933516265     
 -0.595232084353062     
  0.828298205690231     
  4.176033810575285E-002
 -0.121696481141328     
 -0.164973018587334     
 -0.625938453186240     
  0.101157738656773     
  0.369739677224365     
   2.34767689851263     
 -0.301280874528504     
  0.605629285768014     
  0.978784785724748     
  -1.57475734628267     
   1.41185709447408     
  0.399559900025642     
 -0.150687410657083     
  -1.38253173819148     
 -0.615370246787537     
   1.55932274507867     
   1.01042500199123     
  0.385272851920492     
 -0.174496554606634     
 -0.270913081225085     
  0.220920744217566     
 -0.266921295460261     
  0.790011519949733     
   1.10720578660262     
   1.15965043983360     
  -1.08673963773108     
 -0.749329522710004     
  0.426713201164651     
 -0.919123616357948     
   1.24774231588330     
   1.92906523970828     
  -1.13515424830538     
  0.338852198673344     
 -0.376004085607910     
  -1.15395943068801     
 -0.267620062490498     
 -0.609767336944521     
 -0.543555445486039     
   1.62457221441386     
 -0.165481388128441     
 -0.811232077460611     
  0.318669449582973     
 -0.459616705004428     
  0.308898408866356     
   1.86868564587150     
  -2.27896291043455     
  -1.55965368354067     
  -1.07304791173022     
   1.11491970298596     
  -2.63107386229757     
 -6.522135294085261E-002
 -7.042658841376291E-002
 -0.142902722893322     
   2.42670605884829     
   1.08642369388716     
   1.29136632249373     
  0.193776585711953     
   1.39837406813370     
   1.51916714572806     
  -1.03130889512255     
 -0.547739484678574     
  0.140587969696593     
  0.870512669229424     
 -0.770283668542969     
  0.441237930874049     
  -3.27107122651001     
   1.49284565142678     
  -1.34614597788082     
  0.815841347646853     
  0.195610730714235     
  -2.47431879264212     
   1.04628624363612     
  0.285126849891749     
  0.936225906776848     
   1.34783881473661     
  -2.67468883343318     
  -1.62292507290882     
   1.30158207847407     
  0.633628105073688     
  -1.79878888311878     
  0.252196725863696     
 -0.789037153650997     
 -0.659836854755941     
  -1.02533369281587     
  -1.08193247110409     
  0.515896408547084     
  0.277719526918102     
   1.73190673652714     
 -0.350880042037695     
  0.446123775121390     
  -1.39672374411372     
  -1.35754117026290     
  -2.39156438128367     
   1.30042109592020     
  9.583366225506458E-002
   1.91350418099265     
  -3.52771548490474     
 -0.125636388855698     
   2.25085807065025     
  0.580863678168063     
 -0.558965972730272     
  0.125403877281777     
 -0.716159356611685     
   1.30608679282220     
   1.49033883711468     
  -1.54151856806286     
 -0.786261533839362     
   2.02944974107885     
   1.09024670148309     
  -1.37263063062361     
  -4.58704304194380     
 -0.934045989074160     
 -0.261285425162658     
   6.07049443001366     
 -0.932837951083550     
   1.20339151498105     
   1.37683637084151     
   2.21076575317141     
 -0.202594695106594     
  -2.92336901720707     
 -0.633614296675144     
   2.27118572343714     
   2.51115207734010     
  4.206231591866726E-002
 -0.835465545543806     
  -4.41904809531977     
  0.228695656607241     
  0.103579084959376     
  0.262995286790909     
  8.061979373298621E-002
  0.743602509640846     
 -0.653974744632907     
 -0.701693044552989     
 -0.705432011518004     
  0.513169706216128     
  2.498359890239091E-002
  0.938690754720656     
  -1.74883265992878     
 -0.963550411522248     
 -0.603770077027094     
 -6.295855218775971E-002
  0.409244228308465     
   1.10147335362450     
  -1.13033455627001     
  0.485853647197694     
  0.989039846261828     
  0.661030919015117     
  0.166875938721561     
  0.967080203770530     
 -0.145007315973248     
 -0.453672419540249     
   1.24082468089744     
 -0.283592113195605     
   1.05450140046099     
 -0.434386404023436     
 -0.620688801884526     
  0.834276618671231     
  -1.41701309905849     
   1.30126704672552     
  0.419331240621809     
 -0.522810827869407     
 -0.585380597360075     
  0.911750846749432     
  0.695467050783107     
 -3.871088411345781E-002
   4.30111468697940     
  0.725064750605254     
  -2.52040987043336     
  0.194507142039703     
   1.40096127757566     
   2.66050355876689     
 -0.249326149723538     
 -0.913019094043088     
  -4.60448174038875     
 -7.678557870268622E-002
   1.00869612450268     
 -0.602383320200908     
  0.170431746417200     
   1.26493952370067     
   2.45715769412632     
 -0.179783856276203     
  0.591768399375171     
   1.38896018717051     
  0.896939626454277     
 -0.594814302692110     
  -1.85936692739890     
  -2.78758053800337     
   1.62712842208188     
 -0.827719183532725     
  0.685632865382862     
  0.903193297207691     
 -0.199706369246280     
  -2.61372389252068     
   1.12401839206053     
 -0.313049313170520     
  0.609846767359541     
  0.133739085679859     
  0.526813307636689     
  -1.19661786948601     
   1.04907621064322     
   1.31227183213717     
 -0.605811172826050     
 -0.278276721916495     
  0.929523645585999     
 -0.407203702108234     
  0.437263090651284     
 -0.406590257369986     
  0.454021191159456     
 -0.739857866396095     
  6.292633171105540E-002
  -1.19358064361286     
  -3.24438969239085     
 -0.686706574639305     
  -1.69841789006084     
   1.10455875678319     
 -6.529982854971665E-002
 -0.836472906750013     
  0.842743209039936     
  0.683384834850057     
  -1.17891310536777     
   2.52541798516757     
   3.40379388830464     
  -3.24466587265252     
  0.860845181946046     
  -2.34358832515990     
  0.574383511592012     
 -0.486504438872285     
   1.16695791166680     
  -1.33458529890740     
  -1.07152344871036     
   1.42629871664068     
 -0.665010118742827     
  0.181391786655112     
  0.577588279873287     
   1.02899296518823     
  -1.13991815680870     
   1.29567151753945     
 -0.769288880690266     
 -0.584332786369824     
 -0.305039416760102     
  0.422389989855830     
 -0.544029773468794     
   1.10773253113959     
  0.430264922940638     
   1.63326359766485     
  -1.04912325948827     
  -2.08896701404242     
   9.39956508099642     
   5.87731874679586     
  -2.03798364595930     
  -2.23115297150138     
 -0.820068564469424     
  -2.30914954112064     
 -0.660778656901331     
  -1.61334963229083     
  -1.01764854290674     
 -0.353986917593268     
  0.113083368138235     
  -2.09126392472220     
 -0.391907204448018     
  0.706339596896178     
 -0.964613945311226     
   1.13560445656813     
 -0.283580010491506     
   1.14063259420084     
  -2.39380435765137     
  7.215397903183018E-002
  -1.17813844713046     
  0.677263193713864     
   1.08798516477075     
  0.146579481124508     
 -0.486298722901453     
  -2.24525747961859     
 -0.553116835140188     
  0.485441600441816     
 -0.290169792521890     
  -1.06911104987940     
  0.825096117987698     
  -1.99264606550798     
  0.473932377198767     
 -6.367938942760189E-002
  0.663813932600319     
  0.887720172335166     
  0.129792757268673     
  -1.39373899178858     
 -0.116359414255933     
  -1.10839445728706     
  0.410023826269028     
 -1.934055439834732E-002
 -0.533411791173912     
  0.555753428450067     
 -0.113851614594370     
  0.716159846747853     
 -0.313458757231479     
  0.416518818340330     
   1.42340095073029     
  0.402065538170066     
   1.68142155182990     
  0.153896476435458     
  0.174932865050112     
  -1.33970387854968     
  0.290952213863624     
   1.04882139968513     
  0.609087915185601     
 -0.305553412194098     
  -1.03351069917820     
  0.701746009362463     
 
  -2.34357590871754     
   1.65152960283201     
  -2.13109013499766     
   1.58542907536985     
  -1.58732368672881     
  -1.30777473305006     
   2.79651077805059     
  0.488716357319230     
  -1.61740194273994     
 -0.817590032337523     
 -0.869184511052024     
  0.599544382658021     
  -2.75777499706412     
 -0.925932180840842     
  -1.08564608418143     
 -0.877290445904896     
  0.104063442121435     
  0.410704809992119     
 -0.908500388949584     
  0.983235362383357     
   1.92769960032549     
   1.05153374705466     
  0.235524171705092     
  -1.84450698984150     
 -0.977401275189323     
   2.38008477215973     
  -1.68815265793490     
  -1.85727504069479     
  -2.10455409144551     
   2.71556984437182     
 
  5.183190533476410E-002
   1.32479485720561     
  8.849811414420242E-002
 -0.623063336519280     
  0.417173400448534     
 -0.270827429470995     
  0.598739264254499     
  5.278121137406946E-002
  0.811863536188163     
  -1.05144563064283     
  0.664697629526066     
 -0.637645614519970     
  -1.46509410049548     
   1.53988643693866     
 -0.444353178797257     
  0.510912761431554     
 -0.153937542760183     
   1.14124431988223     
 -0.693268698683785     
  0.516227936266693     
  0.397046433082788     
 -2.445505626870171E-002
  -1.02139080304975     
   1.57403629006205     
  0.664491952652370     
 -0.849091770594654     
 -0.230460654882946     
  0.271787579082271     
  0.291822534580331     
  0.206750176808816     
  0.320099880649113     
  0.597814589501665     
  0.274901426347975     
  0.827597012731527     
 -0.263724449274862     
 -0.154859009281521     
  -2.00676722693700     
  0.793052059384742     
   1.15503221933034     
   1.02776852413631     
  -1.44655651472977     
  0.180908217335090     
 -0.896873071310823     
   1.32995261524577     
  0.532902877847900     
  2.256761300869026E-002
 -0.438794634001243     
   1.24449771351598     
  -1.74667901910585     
 -0.644105460205986     
  0.640635722673421     
 -0.367712572457878     
   2.07988955738131     
 -0.370698271815077     
  0.640323107533827     
  0.257804343436814     
 -0.895021866035778     
  8.007619486183790E-002
 -0.278999820420915     
  0.391797965010595     
  0.657610994371734     
   1.23622890205878     
 -0.181312188049281     
 -0.266623027118210     
  -1.03774754045808     
  9.438535773238027E-002
   1.16036102224574     
   1.08777306705507     
  0.206481600001096     
  0.491338520155499     
 -0.676691705445945     
 -2.277302342280135E-002
   1.40373645902187     
  1.003621979763547E-002
  8.619014260665155E-002
 -6.379868469937147E-002
 -0.730276491727921     
  0.820982395820191     
 -0.151283742268250     
 -0.349812662625076     
  0.328611196818176     
 -0.765627710545116     
  5.621925068740703E-002
 -0.684206185407745     
 -0.759473443494985     
 -0.283512414815107     
  0.501455208789910     
  0.439901167091843     
 -1.702670078116955E-002
 -3.919534244807184E-002
 -0.565083142254686     
 -0.499251565847065     
 -0.231411237367666     
  0.213220307321245     
 -0.470510916072025     
 -0.114694620101035     
 -0.140032948897158     
  -1.10302331482851     
 -5.102479415645636E-003
 -0.102135805449440     
  0.473771079006559     
 -5.577414819464100E-002
 -0.662271374783302     
 -0.913467926943303     
 -0.260269186078080     
  0.349452089580288     
   1.91247643120541     
  0.386037930401928     
  6.723519712016170E-002
 -0.650227528797889     
 -4.036143947432506E-002
 -0.119813287206882     
  0.928947247628587     
  0.668671669732372     
  1.504317648338058E-002
  0.201084932725223     
 -0.719156215001016     
 -0.776065225529517     
  0.231656144574362     
  0.228674318983642     
  -1.10871698750746     
  0.645222077790258     
  0.443944524834430     
   1.40164382253623     
  -1.47114324236271     
  0.295247085678671     
  3.387591735205513E-002
  -1.37678166249752     
  0.101030764629721     
 -0.702646786232126     
  0.533872091843856     
  -1.02299117041123     
  0.663181645724216     
   1.13537909679286     
 -0.738614535996563     
  0.740512578518253     
  0.956910771018739     
 -0.717307525280443     
   1.81274620377926     
  0.259881107272764     
  0.130430175229596     
 -0.146119188584888     
 -0.757700747077030     
 -0.341130945700336     
  0.741225714245114     
  0.546874747681260     
  0.253795655707511     
 -0.407421428355963     
  0.743541149137978     
 -6.069045806557990E-002
  0.118183603882048     
   1.10716811187410     
 -0.216094992878665     
  0.994129087806829     
  0.691780074038082     
  0.241198814834301     
 -0.357950702066101     
 -0.109373245698930     
 -0.103400220463589     
  0.358146043957213     
 -0.274400048154521     
  1.055483742788499E-002
  -1.58082308065109     
  0.943049900859406     
  0.562647089575896     
 -0.828897532272639     
 -0.214476298552887     
 -9.842992135181039E-002
  0.101424232485120     
 -0.322114022537279     
 -0.959556825817090     
  0.605020672138986     
  -1.20900233184123     
 -9.991156889544986E-002
  0.120489835068088     
  0.202555415698679     
  0.326343657496449     
  0.623304046623763     
 -0.378289140168430     
 -1.263892057624044E-003
 -0.234317985138752     
  0.590901941848468     
  0.520909279597810     
 -0.717104657223795     
 -0.132111692807725     
 -0.750188817643383     
 -0.478107868321870     
  0.474991414815196     
  0.953616875186555     
 -0.965184000027090     
 -0.271664612704369     
 -0.564996476934006     
 -7.200512304561646E-002
   1.71486453542089     
  -1.75309513096940     
  0.443071777338434     
   1.01755995313551     
 -0.502558285370314     
 -0.686706425178006     
  -1.96875592501645     
  0.801483234282359     
  -1.18426285130176     
 -0.457433429133608     
 -5.147129469733624E-002
  -1.54225373781899     
 -0.827311905963810     
  0.974699214349873     
 -0.178370019710046     
  0.491898914042908     
  0.778420281571457     
  9.975422736232913E-002
  0.557009253631602     
 -7.224311659897406E-003
 -0.124063686684674     
 -9.145272092165767E-002
  0.217206904554325     
  5.915762650006001E-002
  2.106171962043626E-004
 -0.182306043665788     
 -0.155241227668647     
  3.234724020198254E-002
 -0.151006369431772     
  0.309579763818447     
  0.615541662601151     
  -1.07575510351843     
  0.248479871158190     
  0.146417820443450     
  0.473018799483118     
  -1.00809775113127     
  3.939214077276123E-002
  0.175824687293890     
  5.174508975539999E-002
  0.530622841336975     
  0.226984573351409     
 -2.342241446416541E-002
  0.310091023770571     
 -0.304932310934334     
  0.103374192079044     
  0.304778810976807     
 -0.316217920146375     
 -0.165962152234051     
  0.194797836479535     
 -0.216103330022334     
 -0.192605653298235     
 -0.345802136985605     
  0.531828465751732     
 -0.839844097924604     
  0.510690233480345     
 -0.121223376199473     
 -0.550222430208925     
  0.925437960473314     
  0.970931352406509     
 -0.102160286840863     
  2.773946272291902E-002
  0.942587192369882     
 -0.387477405170702     
  0.130842769300729     
  0.273590200826200     
 -0.237052952009991     
 -0.448644909464893     
 -0.483121737700160     
 -0.322297082659944     
  4.613830190652323E-002
  0.561621361757954     
 -0.668875731225179     
  0.194899175245249     
  2.968462594810713E-002
 -0.175600650290183     
 -0.439313017440494     
 -0.125711225746281     
 -3.116975383427346E-002
  0.918040172060200     
  0.515952656305916     
  0.228797899483866     
  0.443488357380399     
 -0.859774142715364     
   1.41424885589915     
  0.303318660541129     
 -8.063301555530231E-002
 -0.414077070603505     
  0.551871719070420     
 -0.248459439030373     
  0.304661204666831     
   1.85694729433075     
 -0.165876771572571     
 -0.248181707392767     
  1.571906722922330E-002
  0.127207733937042     
 -0.264334313142878     
 -0.466120803842178     
 -0.629052068894612     
  0.642331774923306     
 -0.851021712000546     
 -0.445565843458640     
 -0.834242616643378     
  -6.06388989898804     
  0.141793634062264     
  0.755715384843205     
 -0.738592555696893     
  4.171087558574173E-002
  0.343445481524074     
  0.735094641895416     
 -0.235163061712998     
  0.864325261910761     
  0.769067288212130     
 -0.219111803174684     
  0.416035747027864     
  -1.13143052932202     
 -0.292484713996606     
  0.946313138368446     
  0.239545808039122     
  0.467820664230078     
  -1.07017082136863     
  0.217661797384730     
  0.361011657718552     
  0.321427888697209     
 -0.161837216948598     
  0.432866251227518     
 -0.165516480834512     
  0.823613990682704     
  0.127758457903872     
  2.866020812398165E-002
  0.236629358595335     
  0.146848310305387     
  0.300106596568986     
 -2.124828637051875E-002
  0.160443346065140     
  0.288853188135156     
 -0.578746051643028     
 -0.160892423582708     
 -5.477832068901287E-002
  0.119972733613817     
  0.120228318809159     
 -0.184793686705898     
  0.213301285351344     
  8.493051132089943E-002
  0.634823488640507     
  0.467027524599535     
 -0.724021735597096     
 -0.212616054975265     
  0.141155392120782     
 -0.225466453634523     
  -1.22009957032358     
  0.121433295198766     
 -0.981150433729747     
 -0.563344144702228     
 -3.288968681155166E-002
  -1.26852637316825     
 -0.144802685479001     
 -0.767017785950059     
  0.124834117124094     
 -0.283523079382815     
 -0.882670029957732     
  0.825435944951431     
 -0.626631366924728     
  0.281453091275176     
  0.790278291240270     
 -0.352358364830916     
 -5.839084323358353E-002
 -0.460168295882884     
 -4.582625132385140E-003
 -0.767866271382825     
 -4.743195177671691E-002
  0.300146520753443     
  0.276681282456390     
 -1.087020390850733E-002
  0.148757457000100     
  5.822573285858994E-003
  8.421876493501249E-002
  0.337225521072036     
 -5.670370302588378E-002
 -3.854170084442225E-002
  0.214985804386937     
 -0.741814051156197     
   1.08679767100805     
  2.628317664779412E-002
 -0.249412147125969     
 -0.989115299904483     
   1.05156570717596     
 -8.347345756728911E-002
 -0.253271359113339     
 -3.982038098888979E-002
 -0.587000835084992     
 -0.323413300231401     
 -0.359504864937838     
  0.752911357221818     
  0.121066235549941     
 -0.181325233227688     
  0.433676882299169     
  3.374368326572377E-002
 -0.170747549326796     
   1.13045729042818     
 -7.591310991173827E-002
  0.267502028805213     
 -0.239166552583049     
  0.556036667707142     
  0.809469907990080     
  1.387008463278976E-002
  0.402913051447520     
  0.273979800156182     
 -0.460202945253476     
 -5.048347275451263E-002
  0.926389249679040     
   1.38595697012120     
  0.692276461337013     
  2.841481914317493E-003
 -0.663150710572012     
   1.08839662877137     
 -0.400083687734078     
  0.613645400961600     
 -0.330642901082210     
  -1.54872815001975     
 -0.136079175565294     
  0.248667023738007     
 -0.987417659094240     
 -0.198039661071012     
  0.830526908412374     
  0.326252298946172     
  0.383630901698789     
 -4.730454402354720E-002
  0.297367357443596     
  -1.32421820909083     
  0.405771285271487     
  0.259294919666936     
 -0.276189986784241     
  0.151553830116932     
 -0.340885855663434     
 -7.191218557920591E-002
  0.506164610521177     
 -0.389307536519616     
 -0.874665477870178     
  0.649075435481608     
  0.331474486280219     
  -1.37827437017489     
  2.193742977549366E-002
  0.198193445864599     
 -0.377292775326575     
  0.532665076725734     
   1.87407343199313     
  8.212136929179346E-002
 -0.214325419953263     
  0.295551635825939     
 -0.623382729674083     
  -1.01249424252417     
 -0.697800353257942     
 -6.311087123546844E-002
 -0.382540357416552     
  1.373072794886775E-002
 -0.483464463833969     
  -1.07703776450011     
 -0.202500861149675     
  0.210963400049298     
 -7.160001623241082E-002
  0.198869345014405     
 -0.291287047928187     
  0.368173369646685     
 -5.258114015558316E-002
 -0.210955568786808     
 -0.365189206632690     
 -0.570667126169063     
  0.991727263367376     
  0.297280918295203     
  0.118242172508913     
  0.590780358483231     
 -5.208412363145483E-002
 -0.171813427497586     
 -0.517672242728181     
 -0.528003652826728     
  0.585514114261804     
 -4.067212300706489E-002
 -0.435672399981795     
 -0.537903394218249     
  0.337599600960577     
 -0.289894994139471     
 -0.288441225450314     
  9.225034133345188E-002
 -0.406934556020360     
  0.605877594245488     
 -0.379034517191813     
  0.796297530737479     
  0.458574998233097     
 -0.722080479599274     
  0.178526924785974     
 -0.299336819234165     
 -0.101754036140721     
  0.596490793502724     
 -0.554165383621707     
 -3.186429873301038E-002
  0.829505338829227     
   1.03733897605063     
 -8.788065433122999E-002
 -0.638187763552105     
  0.673717087977251     
  4.691790691894608E-002
  0.533659467962833     
  3.679793047741049E-005
 -0.432464878103202     
  4.797014751713133E-003
 -0.330155147260912     
 -4.934992922402204E-002
  0.202516607872956     
 -0.244204337513445     
  5.167245450368624E-002
 -8.278467669422419E-002
  0.592418382752164     
 -0.255193525639641     
 -0.929827815135312     
  0.594199312649055     
  0.593157325060025     
  0.950663280827285     
 -0.269949370136511     
  0.233451778945843     
  0.130853819378933     
 -0.311491945997786     
  6.125785001704246E-002
 -0.104327339542101     
 -0.445932256486460     
 -0.967155826055756     
  0.521797564011659     
 -0.526214226113172     
  0.781521439782143     
  1.542034594512842E-002
 -0.266644138882569     
 -0.202755978568655     
  0.874786776875512     
 -7.966594138677796E-002
 -0.324272055894699     
  0.605154111643500     
  0.372125166934798     
 -0.547078092734779     
  0.305103317212722     
 -0.303638418200707     
  9.692111557121590E-002
 -0.648494453297286     
 -4.605617287370775E-002
 -0.793027609754740     
 -0.543752257884798     
  0.147957540815340     
 -0.883635836639770     
  0.423131111173153     
 -0.271197487172055     
  0.842153033572051     
 -0.330796608814329     
 -0.427125457207089     
  0.747088896256340     
  0.306925792829963     
  0.960002217762258     
  0.758296640995491     
  0.302444235774401     
 -5.917051394453214E-002
 -0.172214236595237     
 -0.189730019774174     
  0.296415216622225     
   1.16149067332835     
 -0.375161777656513     
  0.603798375671056     
 -2.807274363378717E-002
 -0.790596276222773     
  5.365218956845632E-002
 -0.321465809796562     
 -0.437316619375408     
  -1.35216220943404     
 -0.221600516245091     
 -0.141347839707878     
 -0.785461381491812     
 -0.609291275934789     
 -0.154598150717126     
  7.626498125353998E-002
 -0.210066131723419     
  0.355699960853046     
  0.824383019374885     
  0.912193530450560     
  3.812392161559613E-002
 -0.885453493438346     
 -0.859100503883390     
 -0.477929065713642     
  0.128445761622888     
  0.178135585831488     
  0.456755001177547     
 -0.609035528647571     
  0.137269259866843     
 -0.866085335363202     
  -1.24599932948023     
  2.480829816318239E-002
  0.533219038965432     
 -0.655160169715266     
  0.115418279408880     
  0.191600784448058     
  -1.57570982958114     
 -0.765429786454125     
 -0.590635149995851     
  0.804164135356517     
  0.930540604396368     
   1.07363360728101     
  0.375465013410180     
  0.839734193877096     
  0.276928646995106     
 -0.959241784937557     
 -2.665648055110340E-002
  0.422032892153904     
 -0.822146418103555     
  0.278002983202943     
  0.286837824772305     
 -0.523414667564351     
 -8.059982390869767E-002
 -0.226171973606136     
 -0.648241305899684     
  0.340797843590686     
  0.328053557617615     
 -0.563954165147846     
 -0.265221388825754     
 -0.879173829705540     
  0.695739662963625     
  0.395958445803979     
  0.423160709968614     
 -0.261384871099471     
  0.411345726501302     
  0.328890406707629     
  6.833788669361378E-002
  0.193677880660272     
 -3.348612555278356E-002
  0.219938932276495     
 -0.761816229067871     
 -0.836508486030464     
   1.13520194633225     
   1.86558624634523     
 -7.392652060673126E-002
  0.330074543355919     
   1.19065595530475     
  0.287981748702863     
  0.924542731492708     
 -0.510902624538069     
  0.175272872171825     
 -0.186631831424284     
 -0.270465102814053     
  0.328443718975555     
  0.425405003540564     
 -0.393324750228698     
  0.267341489399242     
 -0.636801830420190     
  0.177496832103621     
  6.238833710338137E-002
  0.781119237773131     
 -0.636007822505123     
 -0.789988348743048     
  0.608240481989132     
 -0.457348431876307     
  4.938235959650236E-002
 -0.389059462221841     
  0.132131583143453     
 -0.596100621824663     
 -0.450176562920043     
  0.720845076289409     
  0.268817476827006     
 -0.557583912828159     
 -0.221370376652151     
  -1.13573141043915     
  0.131202010937886     
 -4.863891570112686E-002
 -1.994493232750520E-002
  0.458785704763099     
  0.135979367052093     
 -3.063294971060022E-002
 -0.296381218918297     
 -0.287760444950228     
 -0.231110912918656     
 -0.251078718143202     
  0.334643210590109     
  0.516895762604704     
  0.583088251397973     
 -4.225034722319387E-002
  0.304749495685262     
  0.423877838290403     
 -0.315724517264101     
 -0.393184270553238     
   1.03414054730057     
 -0.111198635661591     
  0.327888577131443     
   1.31983865527774     
 -5.094636248723282E-002
 -1.521593411618207E-002
 -0.754782090097720     
  0.642470846707412     
 -0.432896248688144     
 -0.505396212650432     
  -1.17813630018610     
 -0.368580979544758     
 -0.416954789143964     
 -0.464883312327148     
  4.200159018450646E-002
 -0.224567998866516     
 -0.182624998971289     
 -9.860384898626517E-002
 -0.179128911489979     
  0.668585069331228     
  0.287980696080279     
 -0.353899515168505     
 -0.678143854262970     
  0.343928614017643     
  -1.37795199393977     
 -0.556380441503982     
  0.689101800612712     
 -0.186735901088177     
  -1.05270399368715     
 -0.228061168811180     
  0.507248047629751     
 -0.301595039595175     
  0.543204021744683     
  0.280044313738046     
 -0.701503643076308     
 -0.714393938206323     
  0.509801622127438     
  6.903062801563338E-002
 -0.518125735370974     
 -0.459881578536278     
 -0.537553067031665     
 -0.189942210316513     
 -0.194546961296464     
  9.794046206150557E-002
  1.598461228933016E-002
 -0.612293070613393     
  0.172207879864131     
  0.576965731989211     
 -8.063780736960557E-002
 -0.126380528258454     
  0.432871015300577     
  0.544408307484448     
 -7.941522911030723E-002
 -0.130527485007341     
 -5.363513388107441E-003
 -0.856911503438036     
 -0.682751693587570     
 -0.302715584194436     
  0.379748034798564     
 -0.499011230896937     
 -0.194320760514337     
  0.584822917396097     
 -0.513131675507366     
  0.254282549172557     
  0.523141083962808     
  0.789964220962916     
  0.114577277009422     
 -0.313030707702666     
 -0.452926298444055     
  3.838413603688981E-002
  0.182537496723098     
   1.23050566365703     
  0.342321658720292     
 -0.156941203351846     
 -5.422536089195989E-002
 -0.207303558431490     
 -0.674560744909693     
  0.308170369688094     
 -0.332884305133064     
 -0.173557273009955     
 -0.751227024385354     
  9.997124861853919E-003
  0.105716133667329     
  0.550283619746919     
  0.701431836991441     
 -3.860505951535607E-002
 -0.164657060794921     
 -0.904228898174708     
 -0.836543467596469     
 -0.451386310485961     
  0.277176343380022     
  0.243622784304723     
  0.914855134649158     
  0.215019961852817     
 -6.155819676479317E-002
  0.478637448820512     
 -0.887122520784233     
 -0.674107458944594     
  0.345819502362060     
 -0.407015451538059     
 -1.801384856859026E-002
  0.418266797085792     
  7.356156022581133E-002
 -0.415062650303461     
 -0.252601618600424     
  0.343148398668203     
  6.368054491239687E-003
   1.42063627163534     
 -0.748583122183457     
 -0.381895457782861     
  0.989637584850222     
  -1.06153545051190     
  0.113753923042807     
  0.575167710852239     
 -0.263351727941246     
 -5.534636743174662E-003
   1.10147900169898     
  -1.45543494717280     
  -1.71391649483278     
  0.628538540823934     
 -0.165953699294408     
  0.855741135274163     
  0.399739797981513     
  0.272522211161398     
 -0.291233341216850     
  0.982947521517852     
  9.963501987807015E-002
   1.10766423254229     
  0.925103176947289     
 -0.345774926005808     
   7.23081486561700     
 -0.362710915777534     
 -4.480333357609112E-002
   1.34428302748066     
  0.383365892953204     
  0.102815314668898     
  0.420827895952707     
  0.507636197000228     
 -0.594122733051573     
  9.731871330343912E-002
 -0.671470892712320     
 -0.503279732342205     
  0.366562003318903     
   1.50842790221319     
 -0.967496638050349     
  0.545581771755042     
 -0.670376377000894     
  -1.42675471808086     
   1.58585507653153     
  -2.63640519945978     
  0.793175638727271     
  0.858411747166685     
  0.935663503700206     
 -0.283668286863442     
  -2.02891567687259     
  0.547285170899686     
 -0.417644377802886     
 -0.410911478507056     
   1.12012247387575     
 -0.908009631231522     
 -0.457158796449928     
  0.119775693902868     
 -6.969055755101544E-002
  0.827937589914501     
   1.38742841780419     
  4.712278478157786E-002
 -0.490185908359417     
 -0.346872828408342     
  0.727214072947845     
 -9.456302343655924E-002
  0.197251366187569     
 -0.439261877945977     
  -1.00118660510098     
  -1.10774096773510     
 -7.849719778052393E-002
   1.63433636786595     
  0.338404850227109     
  0.461223567739487     
 -3.821771489581966E-002
  0.254939852182321     
 -7.982761090297134E-002
 -0.755556705100492     
  0.261707920430104     
   1.01288463649306     
  -1.23347005798215     
 -0.123344454704061     
  0.907234953489348     
 -0.124957048002362     
 -0.409416543828887     
 -0.367552388752683     
  0.221868604213873     
  0.243911652280426     
 -0.230583090349258     
 -0.495476574010971     
 -0.236863289746218     
 -0.224118505231028     
 -0.338330453042678     
  2.051127629923722E-002
  7.550042819872281E-002
 -0.697206124678989     
  0.324632301058444     
  0.370334533595626     
 -0.467318420022085     
 -0.450840748668562     
  0.259315812465332     
 -9.483455119474046E-002
  0.431419719041104     
 -0.217224201919194     
  0.630790612608661     
 -0.166064500479692     
  0.261999239136085     
  0.179465075167829     
  0.140125790632346     
 -0.767337481742485     
 -9.076455299400792E-002
 -0.608635598093554     
  0.463446192582669     
  0.528611179698393     
 -0.464402475793638     
  0.863311939866877     
  -1.61208414035394     
 -0.301898424985861     
  1.897935601262950E-002
 -0.237591514025253     
  0.427267258302551     
 
  -1.63421944991506     
  -1.58912169961683     
  -1.45028521838153     
   1.88572056689102     
  0.825541161878230     
 -0.410484967457359     
 -0.593121740330099     
 -0.551790823922578     
 -0.651932452552599     
  0.874266779962356     
 -8.014653887758733E-002
 -0.803209559461341     
  0.803908485497271     
 -0.259738223593478     
  0.177562876408989     
  9.463933464641934E-002
 -0.256882367582589     
  0.741606428736878     
  0.247408763348486     
  0.577302069201560     
 -0.397282704777239     
   1.02838997341293     
  0.724874091147237     
  -1.14637692486577     
  0.813217197198839     
 -0.689836186721205     
  0.349219253430461     
  -1.67127024672649     
  -1.57700441805362     
  -1.70727504186061     
 
 -0.595324042065824     
  3.856758431816499E-002
  -1.10451754254732     
  0.954103103930012     
 -0.495993280931997     
  0.374170438782618     
 -0.447419872832765     
  -2.30024247506120     
 -0.843289274354720     
   1.87657054644315     
  0.945932328243959     
  0.690051293885640     
  -2.07426132058513     
  0.712740328096646     
  0.349600248715739     
  -1.57202392128425     
 -0.500531309370659     
  -1.14269954723275     
   1.13753217103422     
 -0.517707953890060     
   1.04805894933490     
   1.02704919726522     
   1.77181299334811     
 -0.772700699109434     
 -0.790252388097437     
  -1.47941599014911     
  0.874842662392550     
  0.361086382529631     
  0.380089669308901     
  -1.01096052931856     
 
 -0.244176651505361     
 
  1.619599415469963E-006   1.17329243902006     
  1.619596792346023E-006  0.586646219510032     
  0.000000000000000E+000  0.344153786865412     
  2.623068429130626E-012  0.688307573730825     
  2.623068429130626E-012  0.688307573730825     
  2.623096184706242E-012  0.344153786865412     
  0.000000000000000E+000  0.201896517994655     
  0.000000000000000E+000  0.403793035989311     
  0.000000000000000E+000  0.403793035989311     
  0.000000000000000E+000  0.403793035989311     
  0.000000000000000E+000  0.403793035989311     
  0.000000000000000E+000  0.201896517994655     
 
  -6.97173859000000        63.0891459800000     
 
  tansig  tansig 
  12 - 30 - 30 -  1 
