1.83161656
0.1699472
0.340069645
0.77
7.00
-7.666934234281819
4.001607924467653
0.8169114080858936
15.31611785643029
88.9759472634144
-51.55643183366661
-262.3584874455482
-48.44154116389853
320.5902107457166
2.68060879
0.1424201
1.16863709097667
0.77
7.35
-7.024310697817183
4.812387376658926
5.627595600751125
69.80522802206754
-155.2259704326473
-983.5618355500748
7949.431079920515
-13614.0066694763
4515.364024267248
1.35                 2.2                   0.9999999899999999  -19458707678.36746       
1.35                 2.35                  0.9999999899999999  202683261721.6015
1.35                 2.5                   0.9999999899999999  -554003880508.4917
1.35                 2.65                  0.9999999899999999  578726187023.6848
1.35                 2.85                  0.9999999899999999  -259683752412.1888
1.35                 3.1                   0.9999999899999999  109969130245.8585
1.35                 3.35                  0.9999999899999999  -94905417712.93542
1.35                 3.6                   0.9999999899999999  290017633467.4608
1.35                 3.85                  0.9999999899999999  -1470540908618.166
1.35                 4.1                   0.9999999899999999  2945012862655.228
1.35                 4.35                  0.9999999899999999  -2256436043370.615
1.35                 4.85                  0.9999999899999999  584266219594.5244
1.35                 5.85                  0.9999999899999999  170011572844.3399
1.35                 6.85                  0.9999999899999999  -437337891249.6375
1.5                  2.2                   0.9999999899999999  345152661952.2921
1.5                  2.35                  0.9999999899999999  -1495433519479.391
1.5                  2.5                   0.9999999899999999  2563162845575.633
1.5                  2.65                  0.9999999899999999  -1785774720563.554
1.5                  2.85                  0.9999999899999999  194750054156.2031
1.5                  3.1                   0.9999999899999999  7406165466.207526
1.5                  3.35                  0.9999999899999999  640721915184.7566
1.5                  3.6                   0.9999999899999999  -2228851583133.63
1.5                  3.85                  0.9999999899999999  7264379783108.392
1.5                  4.1                   0.9999999899999999  -11822484392594.95
1.5                  4.35                  0.9999999899999999  7981326103245.849
1.5                  4.85                  0.9999999899999999  -1879269293795.278
1.5                  5.85                  0.9999999899999999  -483305004286.3889
1.5                  6.85                  0.9999999899999999  1393111997357.818
1.65                 2.2                   0.9999999899999999  -1119569714646.828
1.65                 2.35                  0.9999999899999999  3693939649759.094
1.65                 2.5                   0.9999999899999999  -4477601406732.44
1.65                 2.65                  0.9999999899999999  1275933110750.474
1.65                 2.85                  0.9999999899999999  1933881521857.858
1.65                 3.1                   0.9999999899999999  -698059934981.1385
1.65                 3.35                  0.9999999899999999  -3821425423296.492
1.65                 3.6                   0.9999999899999999  10649888488286.78
1.65                 3.85                  0.9999999899999999  -21112282499733.94
1.65                 4.1                   0.9999999899999999  26965099809007.74
1.65                 4.35                  0.9999999899999999  -17231787871608.31
1.65                 4.85                  0.9999999899999999  5033124678991.855
1.65                 5.85                  0.9999999899999999  -849477997831.8839
1.65                 6.85                  0.9999999899999999  -1094724023178.205
1.8                  2.2                   0.9999999899999999  1159157378119.521
1.8                  2.35                  0.9999999899999999  -3154418157925.162
1.8                  2.5                   0.9999999899999999  2593102130193.639
1.8                  2.65                  0.9999999899999999  1135365535424.367
1.8                  2.85                  0.9999999899999999  -3732689032025.747
1.8                  3.1                   0.9999999899999999  2698645551134.636
1.8                  3.35                  0.9999999899999999  -1404976706900.518
1.8                  3.6                   0.9999999899999999  -2897280525457.777
1.8                  3.85                  0.9999999899999999  20663450842135.07
1.8                  4.1                   0.9999999899999999  -43791054965722.65
1.8                  4.35                  0.9999999899999999  38924046472767.49
1.8                  4.85                  0.9999999899999999  -16843906501937.8
1.8                  5.85                  0.9999999899999999  7226482323699.544
1.8                  6.85                  0.9999999899999999  -1940926456599.577
2.0                  2.2                   0.9999999899999999  -83789491301.16164
2.0                  2.35                  0.9999999899999999  -267392110535.4463
2.0                  2.5                   0.9999999899999999  367743823628.8182
2.0                  2.65                  0.9999999899999999  1204759883959.205
2.0                  2.85                  0.9999999899999999  -2998915138228.544
2.0                  3.1                   0.9999999899999999  -6372481298813.103
2.0                  3.35                  0.9999999899999999  50493595052247.88
2.0                  3.6                   0.9999999899999999  -108228932673125
2.0                  3.85                  0.9999999899999999  89388782547038.34
2.0                  4.1                   0.9999999899999999  30366125389171.09
2.0                  4.35                  0.9999999899999999  -96262006652250.61
2.0                  4.85                  0.9999999899999999  60723522945210.59
2.0                  5.85                  0.9999999899999999  -31581666463110.38
2.0                  6.85                  0.9999999899999999  13876553341246.64
2.25                 2.2                   0.9999999899999999  -754226689788.6443
2.25                 2.35                  0.9999999899999999  949741953376.8622
2.25                 2.5                   0.9999999899999999  11337330414650.64
2.25                 2.65                  0.9999999899999999  -39776837858943.06
2.25                 2.85                  0.9999999899999999  64775780211122.7
2.25                 3.1                   0.9999999899999999  -42850536470987.58
2.25                 3.35                  0.9999999899999999  -104202689973966.2
2.25                 3.6                   0.9999999899999999  322033681747059.9
2.25                 3.85                  0.9999999899999999  -344236849618248.8
2.25                 4.1                   0.9999999899999999  51279528894508.66
2.25                 4.35                  0.9999999899999999  185276965015900.4
2.25                 4.85                  0.9999999899999999  -150145515532535
2.25                 5.85                  0.9999999899999999  85644857627701.72
2.25                 6.85                  0.9999999899999999  -42406918772176.33
2.5                  2.2                   0.9999999899999999  1130651882219.643
2.5                  2.35                  0.9999999899999999  10813383823176.39
2.5                  2.5                   0.9999999899999999  -108205736992048.1
2.5                  2.65                  0.9999999899999999  303046391981143.9
2.5                  2.85                  0.9999999899999999  -478591859657832.9
2.5                  3.1                   0.9999999899999999  479373417622528.8
2.5                  3.35                  0.9999999899999999  -136383029198662.8
2.5                  3.6                   0.9999999899999999  -271627003087678.3
2.5                  3.85                  0.9999999899999999  319444435861356.8
2.5                  4.1                   0.9999999899999999  -80338843592569.62
2.5                  4.35                  0.9999999899999999  -145363335580115.7
2.5                  4.85                  0.9999999899999999  133802495172189.4
2.5                  5.85                  0.9999999899999999  -79659722553670.28
2.5                  6.85                  0.9999999899999999  40669371609262.92
2.75                 2.2                   0.9999999899999999  -10033878201706.29
2.75                 2.35                  0.9999999899999999  -31571109097855.2
2.75                 2.5                   0.9999999899999999  431580364960078.5
2.75                 2.65                  0.9999999899999999  -1231549569165791
2.75                 2.85                  0.9999999899999999  2010560829475508
2.75                 3.1                   0.9999999899999999  -2221779607724804
2.75                 3.35                  0.9999999899999999  1148927910768610
3.0                  2.2                   0.9999999899999999  57021369420617.12
3.0                  2.35                  0.9999999899999999  -35166621799184.29
3.0                  2.5                   0.9999999899999999  -803791945967081.4
3.0                  2.65                  0.9999999899999999  2541035950521897
3.0                  2.85                  0.9999999899999999  -4282577940296464
3.0                  3.1                   0.9999999899999999  4875880343330692
3.0                  3.35                  0.9999999899999999  -2570480518664088
3.25                 2.2                   0.9999999899999999  -140182003518927.5
3.25                 2.35                  0.9999999899999999  262241225124471.1
3.25                 2.5                   0.9999999899999999  599753172211870
3.25                 2.65                  0.9999999899999999  -2455424159391079
3.25                 2.85                  0.9999999899999999  3947709020732038
3.25                 3.1                   0.9999999899999999  -3779893366818031
3.25                 3.35                  0.9999999899999999  1596967149999965
3.5                  2.2                   0.9999999899999999  140534712209753
3.5                  2.35                  0.9999999899999999  -331186567074309
3.5                  2.5                   0.9999999899999999  -27612684368133.71
3.5                  2.65                  0.9999999899999999  807568352466261.1
3.5                  2.85                  0.9999999899999999  -752305891655654.9
3.5                  3.1                   0.9999999899999999  -824779226018026.2
3.5                  3.35                  0.9999999899999999  1322622390031352
4.0                  2.2                   0.9999999899999999  -62221628627373.88
4.0                  2.35                  0.9999999899999999  163342325511559.5
4.0                  2.5                   0.9999999899999999  -146166347275316.4
4.0                  2.65                  0.9999999899999999  145722353097885
4.0                  2.85                  0.9999999899999999  -843411712178159.9
4.0                  3.1                   0.9999999899999999  2381515043198356
4.0                  3.35                  0.9999999899999999  -1985385350950843
5.0                  2.2                   0.9999999899999999  -8239190144325.646
5.0                  2.35                  0.9999999899999999  18571407945859.68
5.0                  2.5                   0.9999999899999999  -13633616774721.47
5.0                  2.65                  0.9999999899999999  -78193880315138.17
5.0                  2.85                  0.9999999899999999  561763070396395.4
5.0                  3.1                   0.9999999899999999  -1455728564659004
5.0                  3.35                  0.9999999899999999  1172638012727957
6.0                  2.2                   0.9999999899999999  39306169641629.77
6.0                  2.35                  0.9999999899999999  -108395142649045.8
6.0                  2.5                   0.9999999899999999  120883936580926.5
6.0                  2.65                  0.9999999899999999  -19906462880417.72
6.0                  2.85                  0.9999999899999999  -295862236528195.4
6.0                  3.1                   0.9999999899999999  783633317573486.4
6.0                  3.35                  0.9999999899999999  -622394593208921.4
1.35                 2.2                   0.96984631          40641175405.9417
1.35                 2.35                  0.96984631          -333239172710.0114
1.35                 2.5                   0.96984631          853591187969.2491
1.35                 2.65                  0.96984631          -864139015888.7233
1.35                 2.85                  0.96984631          369270705143.4178
1.35                 3.1                   0.96984631          -147411102910.5788
1.35                 3.35                  0.96984631          124868390588.3616
1.35                 3.6                   0.96984631          -435010985232.0858
1.35                 3.85                  0.96984631          2369768652127.241
1.35                 4.1                   0.96984631          -4807399750518.559
1.35                 4.35                  0.96984631          3698723444265.055
1.35                 4.85                  0.96984631          -975783068463.5348
1.35                 5.85                  0.96984631          -201745106387.1486
1.35                 6.85                  0.96984631          608043070616.6604
1.5                  2.2                   0.96984631          -550547295501.8901
1.5                  2.35                  0.96984631          2330285827638.399
1.5                  2.5                   0.96984631          -3902321704307.315
1.5                  2.65                  0.96984631          2604112172867.84
1.5                  2.85                  0.96984631          -118682929051.0298
1.5                  3.1                   0.96984631          -162470061203.4325
1.5                  3.35                  0.96984631          -797558114573.457
1.5                  3.6                   0.96984631          3206177758677.063
1.5                  3.85                  0.96984631          -11393904552657.67
1.5                  4.1                   0.96984631          18970171497357.2
1.5                  4.35                  0.96984631          -12859719516855.5
1.5                  4.85                  0.96984631          3059406231271.781
1.5                  5.85                  0.96984631          552605740163.1603
1.5                  6.85                  0.96984631          -1912604670660.796
1.65                 2.2                   0.96984631          1693346240301.635
1.65                 2.35                  0.96984631          -5561443185904.96
1.65                 2.5                   0.96984631          6594218891329.778
1.65                 2.65                  0.96984631          -1426227787014.306
1.65                 2.85                  0.96984631          -3664856295914.929
1.65                 3.1                   0.96984631          1740918091272.632
1.65                 3.35                  0.96984631          4972631724287.952
1.65                 3.6                   0.96984631          -15022999512588.69
1.65                 3.85                  0.96984631          31477963532445.92
1.65                 4.1                   0.96984631          -41137890949677.22
1.65                 4.35                  0.96984631          26260982846796.06
1.65                 4.85                  0.96984631          -7634014390245.524
1.65                 5.85                  0.96984631          1533962894857
1.65                 6.85                  0.96984631          1340585134470.04
1.8                  2.2                   0.96984631          -1659523925998.06
1.8                  2.35                  0.96984631          4422465402955.525
1.8                  2.5                   0.96984631          -3154401335021.637
1.8                  2.65                  0.96984631          -3038572214452.183
1.8                  2.85                  0.96984631          7251101142516.306
1.8                  3.1                   0.96984631          -5307376301794.53
1.8                  3.35                  0.96984631          2749732294467.796
1.8                  3.6                   0.96984631          3760044757115.298
1.8                  3.85                  0.96984631          -29577363798441.86
1.8                  4.1                   0.96984631          62879512241031.23
1.8                  4.35                  0.96984631          -55981631479971.62
1.8                  4.85                  0.96984631          24683374254346.61
1.8                  5.85                  0.96984631          -11199205762089.33
1.8                  6.85                  0.96984631          3392838141554.636
2.0                  2.2                   0.96984631          -71757641086.8367
2.0                  2.35                  0.96984631          1185420078575.452
2.0                  2.5                   0.96984631          -2327249313483.625
2.0                  2.65                  0.96984631          968494539263.6621
2.0                  2.85                  0.96984631          1548558152806.467
2.0                  3.1                   0.96984631          10865387377199.43
2.0                  3.35                  0.96984631          -72302574192262.62
2.0                  3.6                   0.96984631          153818607562334.1
2.0                  3.85                  0.96984631          -129293569561196.5
2.0                  4.1                   0.96984631          -37983035619330.31
2.0                  4.35                  0.96984631          133886534980956.7
2.0                  4.85                  0.96984631          -87164411325191.95
2.0                  5.85                  0.96984631          46757676731979.64
2.0                  6.85                  0.96984631          -21015901503534.53
2.25                 2.2                   0.96984631          1381783705138.662
2.25                 2.35                  0.96984631          -2658644844384.678
2.25                 2.5                   0.96984631          -13104199991331.93
2.25                 2.65                  0.96984631          52097828131419.09
2.25                 2.85                  0.96984631          -87787209616216.33
2.25                 3.1                   0.96984631          58334392772758.72
2.25                 3.35                  0.96984631          148144439470368.9
2.25                 3.6                   0.96984631          -456104846907016.8
2.25                 3.85                  0.96984631          493067130580092.5
2.25                 4.1                   0.96984631          -86973856652767.78
2.25                 4.35                  0.96984631          -252032252183376.9
2.25                 4.85                  0.96984631          211925235360703.4
2.25                 5.85                  0.96984631          -123373205180961.9
2.25                 6.85                  0.96984631          61439867433397.6
2.5                  2.2                   0.96984631          -1821343420783.782
2.5                  2.35                  0.96984631          -14349293976629.24
2.5                  2.5                   0.96984631          151073396181412.6
2.5                  2.65                  0.96984631          -426757626369570.9
2.5                  2.85                  0.96984631          677390961174447
2.5                  3.1                   0.96984631          -681013193067234.9
2.5                  3.35                  0.96984631          195126248895902.8
2.5                  3.6                   0.96984631          384158925942268.9
2.5                  3.85                  0.96984631          -456187940091768.1
2.5                  4.1                   0.96984631          126273288915474.7
2.5                  4.35                  0.96984631          195161101775285.4
2.5                  4.85                  0.96984631          -187186694408324.6
2.5                  5.85                  0.96984631          113486948467279.1
2.5                  6.85                  0.96984631          -57978614154087.9
2.75                 2.2                   0.96984631          14221520233847.88
2.75                 2.35                  0.96984631          44811546342892.51
2.75                 2.5                   0.96984631          -612741991329674.6
2.75                 2.65                  0.96984631          1750010061563704
2.75                 2.85                  0.96984631          -2860252478759343
2.75                 3.1                   0.96984631          3164444584872327
2.75                 3.35                  0.96984631          -1637936350423231
3.0                  2.2                   0.96984631          -80781527124914.83
3.0                  2.35                  0.96984631          49370460821256.74
3.0                  2.5                   0.96984631          1142946175151155
3.0                  2.65                  0.96984631          -3611790661646813
3.0                  2.85                  0.96984631          6087466297418169
3.0                  3.1                   0.96984631          -6934147146898280
3.0                  3.35                  0.96984631          3658233214317036
3.25                 2.2                   0.96984631          199605985713150.2
3.25                 2.35                  0.96984631          -374288558737004.7
3.25                 2.5                   0.96984631          -850134109541829.1
3.25                 2.65                  0.96984631          3485775995951914
3.25                 2.85                  0.96984631          -5598956688087645
3.25                 3.1                   0.96984631          5353786195702064
3.25                 3.35                  0.96984631          -2259549463532828
3.5                  2.2                   0.96984631          -202002156400783.2
3.5                  2.35                  0.96984631          477714030123126.8
3.5                  2.5                   0.96984631          31761281387157.02
3.5                  2.65                  0.96984631          -1140986742309198
3.5                  2.85                  0.96984631          1051824895506076
3.5                  3.1                   0.96984631          1204577054698802
3.5                  3.35                  0.96984631          -1901542451904349
4.0                  2.2                   0.96984631          92936226233952.56
4.0                  2.35                  0.96984631          -243723556777136.1
4.0                  2.5                   0.96984631          215296131491116.7
4.0                  2.65                  0.96984631          -208207232855920.8
4.0                  2.85                  0.96984631          1209550678462573
4.0                  3.1                   0.96984631          -3413004586215728
4.0                  3.35                  0.96984631          2842937252864057
5.0                  2.2                   0.96984631          6416518868367.973
5.0                  2.35                  0.96984631          -24313078557387.27
5.0                  2.5                   0.96984631          45949304234258.89
5.0                  2.65                  0.96984631          79990308867721.44
5.0                  2.85                  0.96984631          -814967440979905.4
5.0                  3.1                   0.96984631          2142976557139290
5.0                  3.35                  0.96984631          -1725917031284626
6.0                  2.2                   0.96984631          -57331282518844.76
6.0                  2.35                  0.96984631          183058213982160.8
6.0                  2.5                   0.96984631          -250517009589033.4
6.0                  2.65                  0.96984631          90327921150752.78
6.0                  2.85                  0.96984631          455077194439446.6
6.0                  3.1                   0.96984631          -1249031166813277
6.0                  3.35                  0.96984631          992050788490171
1.35                 2.2                   0.88302222          -48090874884.87218
1.35                 2.35                  0.88302222          233858611846.3445
1.35                 2.5                   0.88302222          -468689125273.7759
1.35                 2.65                  0.88302222          416747379957.1271
1.35                 2.85                  0.88302222          -153921727881.4044
1.35                 3.1                   0.88302222          52212603839.72861
1.35                 3.35                  0.88302222          -32467420137.28289
1.35                 3.6                   0.88302222          172048248184.1093
1.35                 3.85                  0.88302222          -1226320468269.89
1.35                 4.1                   0.88302222          2605596430117.238
1.35                 4.35                  0.88302222          -2034741962123.177
1.35                 4.85                  0.88302222          563144733596.5966
1.35                 5.85                  0.88302222          4207556088.823776
1.35                 6.85                  0.88302222          -184106361970.8206
1.5                  2.2                   0.88302222          350898111516.5049
1.5                  2.35                  0.88302222          -1359282817004.277
1.5                  2.5                   0.88302222          2091300454296.59
1.5                  2.65                  0.88302222          -1253722296135.805
1.5                  2.85                  0.88302222          -82915536103.66129
1.5                  3.1                   0.88302222          218465720084.7429
1.5                  3.35                  0.88302222          121526067084.1721
1.5                  3.6                   0.88302222          -1098776503569.968
1.5                  3.85                  0.88302222          5477088439076.15
1.5                  4.1                   0.88302222          -9823910660907.643
1.5                  4.35                  0.88302222          6758248508666.674
1.5                  4.85                  0.88302222          -1660857127361.974
1.5                  5.85                  0.88302222          37294827786.95081
1.5                  6.85                  0.88302222          534390099379.5754
1.65                 2.2                   0.88302222          -895471992418.203
1.65                 2.35                  0.88302222          2901469819554.759
1.65                 2.5                   0.88302222          -3284484448875.297
1.65                 2.65                  0.88302222          317178718106.1541
1.65                 2.85                  0.88302222          2503632572599.244
1.65                 3.1                   0.88302222          -1670388586126.175
1.65                 3.35                  0.88302222          -956362837976.2288
1.65                 3.6                   0.88302222          4771412526459.885
1.65                 3.85                  0.88302222          -12868840909332.78
1.65                 4.1                   0.88302222          18392866456749.04
1.65                 4.35                  0.88302222          -11766495277896.82
1.65                 4.85                  0.88302222          3424030260935.904
1.65                 5.85                  0.88302222          -1127531098873
1.65                 6.85                  0.88302222          -55152588372.5625
1.8                  2.2                   0.88302222          754967772857.9806
1.8                  2.35                  0.88302222          -1900856812415.522
1.8                  2.5                   0.88302222          723978207723.9702
1.8                  2.65                  0.88302222          3121653233167.161
1.8                  2.85                  0.88302222          -5556953102058.064
1.8                  3.1                   0.88302222          4182579246941.428
1.8                  3.35                  0.88302222          -2345357537017.144
1.8                  3.6                   0.88302222          -340616408375.4686
1.8                  3.85                  0.88302222          10191458010678.38
1.8                  4.1                   0.88302222          -22563466243912.86
1.8                  4.35                  0.88302222          20408733331203.4
1.8                  4.85                  0.88302222          -9899781032930.523
1.8                  5.85                  0.88302222          5660019119143.145
1.8                  6.85                  0.88302222          -2424452953174.829
2.0                  2.2                   0.88302222          257787310802.0989
2.0                  2.35                  0.88302222          -1575379464427.345
2.0                  2.5                   0.88302222          3875207004431.055
2.0                  2.65                  0.88302222          -5164116954107.122
2.0                  2.85                  0.88302222          4265710308583.458
2.0                  3.1                   0.88302222          -6865990390380.666
2.0                  3.35                  0.88302222          25910423837834.38
2.0                  3.6                   0.88302222          -52929416259170.5
2.0                  3.85                  0.88302222          47576295592948.08
2.0                  4.1                   0.88302222          5705480958082.125
2.0                  4.35                  0.88302222          -42031555849933.1
2.0                  4.85                  0.88302222          31623606042757.4
2.0                  5.85                  0.88302222          -19231687611276.18
2.0                  6.85                  0.88302222          9390427534723.066
2.25                 2.2                   0.88302222          -995725691772.4391
2.25                 2.35                  0.88302222          3231021975950.436
2.25                 2.5                   0.88302222          -1236732873921.426
2.25                 2.65                  0.88302222          -9315853881184.518
2.25                 2.85                  0.88302222          22185504639604.15
2.25                 3.1                   0.88302222          -15420649472134.23
2.25                 3.35                  0.88302222          -50925469133365.87
2.25                 3.6                   0.88302222          153307611034700.9
2.25                 3.85                  0.88302222          -173343833885846.3
2.25                 4.1                   0.88302222          49267726345354.81
2.25                 4.35                  0.88302222          70205032838989.57
2.25                 4.85                  0.88302222          -69859638323604.89
2.25                 5.85                  0.88302222          43425460890416.86
2.25                 6.85                  0.88302222          -21893468750700.88
2.5                  2.2                   0.88302222          971026922359.6981
2.5                  2.35                  0.88302222          3092672108804.019
2.5                  2.5                   0.88302222          -46104301322264.75
2.5                  2.65                  0.88302222          137071341025042.3
2.5                  2.85                  0.88302222          -224229555487697.6
2.5                  3.1                   0.88302222          230058743397561
2.5                  3.35                  0.88302222          -67834286156745.91
2.5                  3.6                   0.88302222          -128052812447042.3
2.5                  3.85                  0.88302222          158179514277751
2.5                  4.1                   0.88302222          -59759767157347.25
2.5                  4.35                  0.88302222          -50192959879342.73
2.5                  4.85                  0.88302222          58489878128799.11
2.5                  5.85                  0.88302222          -37365652539010.6
2.5                  6.85                  0.88302222          18984302270208.09
2.75                 2.2                   0.88302222          -4554741373320.545
2.75                 2.35                  0.88302222          -15788562576372.66
2.75                 2.5                   0.88302222          207582222421536.1
2.75                 2.65                  0.88302222          -593029164486064.9
2.75                 2.85                  0.88302222          973326107456852.1
2.75                 3.1                   0.88302222          -1082367003969684
2.75                 3.35                  0.88302222          562615348697410.1
3.0                  2.2                   0.88302222          26458287552227.02
3.0                  2.35                  0.88302222          -13583994639239.95
3.0                  2.5                   0.88302222          -392783298396344.4
3.0                  2.65                  0.88302222          1229601140956742
3.0                  2.85                  0.88302222          -2067219533976532
3.0                  3.1                   0.88302222          2356855992627805
3.0                  3.35                  0.88302222          -1246737057738835
3.25                 2.2                   0.88302222          -68296541061671.73
3.25                 2.35                  0.88302222          128288499411321.2
3.25                 2.5                   0.88302222          289808443642052.9
3.25                 2.65                  0.88302222          -1183849512769141
3.25                 2.85                  0.88302222          1886550276050333
3.25                 3.1                   0.88302222          -1788856965086742
3.25                 3.35                  0.88302222          750223740744196.8
3.5                  2.2                   0.88302222          73810969394052.8
3.5                  2.35                  0.88302222          -177570076346560.2
3.5                  2.5                   0.88302222          2691625710632.994
3.5                  2.65                  0.88302222          381733861859218
3.5                  2.85                  0.88302222          -337040679079796.8
3.5                  3.1                   0.88302222          -454514335566799.8
3.5                  3.35                  0.88302222          677319846538472.8
4.0                  2.2                   0.88302222          -41563484188548.29
4.0                  2.35                  0.88302222          109261813626975.3
4.0                  2.5                   0.88302222          -91264431397218.97
4.0                  2.65                  0.88302222          70019807698957.54
4.0                  2.85                  0.88302222          -422305510260621.1
4.0                  3.1                   0.88302222          1201116601964427
4.0                  3.35                  0.88302222          -998734904931376.2
5.0                  2.2                   0.88302222          6997153813544.085
5.0                  2.35                  0.88302222          7719885008754.813
5.0                  2.5                   0.88302222          -68889951937553.84
5.0                  2.65                  0.88302222          29510799198680.64
5.0                  2.85                  0.88302222          312693842722917.4
5.0                  3.1                   0.88302222          -871687328070400.5
5.0                  3.35                  0.88302222          701036805957422.1
6.0                  2.2                   0.88302222          26790852901811.92
6.0                  2.35                  0.88302222          -132704991301392.4
6.0                  2.5                   0.88302222          245407257700899.6
6.0                  2.65                  0.88302222          -134008336678529.4
6.0                  2.85                  0.88302222          -247169099895962.2
6.0                  3.1                   0.88302222          703154494823089.5
6.0                  3.35                  0.88302222          -552290648294985.4
1.35                 2.2                   0.75                57175999193.93517
1.35                 2.35                  0.75                -217041704165.8141
1.35                 2.5                   0.75                351833929688.4115
1.35                 2.65                  0.75                -283938217300.7131
1.35                 2.85                  0.75                128183343340.5703
1.35                 3.1                   0.75                -71127907710.21759
1.35                 3.35                  0.75                23370341633.47879
1.35                 3.6                   0.75                15364808746.3056
1.35                 3.85                  0.75                290600970767.678
1.35                 4.1                   0.75                -802466372151.1106
1.35                 4.35                  0.75                674732779512.1943
1.35                 4.85                  0.75                -200832496932.1319
1.35                 5.85                  0.75                33390464521.60381
1.35                 6.85                  0.75                14119153398.94608
1.5                  2.2                   0.75                -305873473110.3616
1.5                  2.35                  0.75                1104450618662.138
1.5                  2.5                   0.75                -1626906997911.81
1.5                  2.65                  0.75                1112583461902.734
1.5                  2.85                  0.75                -344631785858.34
1.5                  3.1                   0.75                191565759438.5793
1.5                  3.35                  0.75                -70596621601.22795
1.5                  3.6                   0.75                -47382282878.43769
1.5                  3.85                  0.75                -1216306339687.263
1.5                  4.1                   0.75                2851854605294.669
1.5                  4.35                  0.75                -2088575877805.589
1.5                  4.85                  0.75                552683566033.1357
1.5                  5.85                  0.75                -139592290375.9377
1.5                  6.85                  0.75                -4916745273.507141
1.65                 2.2                   0.75                690249891008.9135
1.65                 2.35                  0.75                -2248632451698.138
1.65                 2.5                   0.75                2783052411608.549
1.65                 2.65                  0.75                -1232290482799.419
1.65                 2.85                  0.75                -322111044882.2086
1.65                 3.1                   0.75                325449902340.8409
1.65                 3.35                  0.75                -200105226225.3467
1.65                 3.6                   0.75                45103837654.46812
1.65                 3.85                  0.75                2325737956409.067
1.65                 4.1                   0.75                -4626800089844.668
1.65                 4.35                  0.75                3157955010334.468
1.65                 4.85                  0.75                -1058647942564.135
1.65                 5.85                  0.75                658018158271.2852
1.65                 6.85                  0.75                -309693138067.6807
1.8                  2.2                   0.75                -608371015776.8824
1.8                  2.35                  0.75                1637625013204.523
1.8                  2.5                   0.75                -1159187962858.363
1.8                  2.65                  0.75                -937769060969.854
1.8                  2.85                  0.75                2200931782687.973
1.8                  3.1                   0.75                -1843542662764.745
1.8                  3.35                  0.75                1875745960635.015
1.8                  3.6                   0.75                -1985230439532.362
1.8                  3.85                  0.75                -562624466431.7668
1.8                  4.1                   0.75                4175799740028.683
1.8                  4.35                  0.75                -4518626496396.447
1.8                  4.85                  0.75                3013615771067.893
1.8                  5.85                  0.75                -2592732254162.141
1.8                  6.85                  0.75                1538137723687.404
2.0                  2.2                   0.75                -80444716312.28485
2.0                  2.35                  0.75                799982275625.8677
2.0                  2.5                   0.75                -2734974264689.439
2.0                  2.65                  0.75                4389536260691.129
2.0                  2.85                  0.75                -3984154969534.838
2.0                  3.1                   0.75                3376148592189.282
2.0                  3.35                  0.75                -6570781832058.247
2.0                  3.6                   0.75                11693213254677.64
2.0                  3.85                  0.75                -10924136756001.26
2.0                  4.1                   0.75                1267416455919.102
2.0                  4.35                  0.75                7206599850869.638
2.0                  4.85                  0.75                -7341315468904.064
2.0                  5.85                  0.75                5436453649841.863
2.0                  6.85                  0.75                -2953644640925.872
2.25                 2.2                   0.75                649410078741.6183
2.25                 2.35                  0.75                -2527659225727.932
2.25                 2.5                   0.75                4977795574849.692
2.25                 2.65                  0.75                -5238675930088.641
2.25                 2.85                  0.75                1862012385633.843
2.25                 3.1                   0.75                -186317142144.7943
2.25                 3.35                  0.75                9813127007417.85
2.25                 3.6                   0.75                -27138975170185.2
2.25                 3.85                  0.75                32006809257626.92
2.25                 4.1                   0.75                -13465389897611.32
2.25                 4.35                  0.75                -7793352836669.79
2.25                 4.85                  0.75                10037422806247.28
2.25                 5.85                  0.75                -5178004616304.312
2.25                 6.85                  0.75                2063334948429.758
2.5                  2.2                   0.75                -450273075288.9221
2.5                  2.35                  0.75                619406753638.7299
2.5                  2.5                   0.75                3996253939028.438
2.5                  2.65                  0.75                -16370002361155.56
2.5                  2.85                  0.75                31656768735320.77
2.5                  3.1                   0.75                -36150707936908.06
2.5                  3.35                  0.75                11613915324187.33
2.5                  3.6                   0.75                21116286017153.73
2.5                  3.85                  0.75                -27563782911565.13
2.5                  4.1                   0.75                14047863430594.85
2.5                  4.35                  0.75                3127454385056.92
2.5                  4.85                  0.75                -5338743057881.025
2.5                  5.85                  0.75                1868058723655.095
2.5                  6.85                  0.75                -461070854710.0752
2.75                 2.2                   0.75                -114668533063.3199
2.75                 2.35                  0.75                5990017067420.994
2.75                 2.5                   0.75                -38676945417161.76
2.75                 2.65                  0.75                98427629554136.33
2.75                 2.85                  0.75                -156460933384874.5
2.75                 3.1                   0.75                174369788046456.5
2.75                 3.35                  0.75                -91611763999118.19
3.0                  2.2                   0.75                -1475392128261.351
3.0                  2.35                  0.75                -9767920920907.08
3.0                  2.5                   0.75                85723984395409.31
3.0                  2.65                  0.75                -217712512681944.4
3.0                  2.85                  0.75                337633613123190.6
3.0                  3.1                   0.75                -373663008173175.4
3.0                  3.35                  0.75                196482251992050.5
3.25                 2.2                   0.75                9142767378760.65
3.25                 2.35                  0.75                -9054881219099.158
3.25                 2.5                   0.75                -76735619656431.84
3.25                 2.65                  0.75                226297819245529.7
3.25                 2.85                  0.75                -321404697362039.4
3.25                 3.1                   0.75                284616507075024.4
3.25                 3.35                  0.75                -114724930174195.7
3.5                  2.2                   0.75                -16653804709682.27
3.5                  2.35                  0.75                39470183010894.73
3.5                  2.5                   0.75                1275533756514.251
3.5                  2.65                  0.75                -85254341320945.73
3.5                  2.85                  0.75                78491376640581.12
3.5                  3.1                   0.75                64481671862338.91
3.5                  3.35                  0.75                -108103066748943.9
4.0                  2.2                   0.75                17849431100688.22
4.0                  2.35                  0.75                -49760739431335.57
4.0                  2.5                   0.75                41652845934623.25
4.0                  2.65                  0.75                -8126797264388.672
4.0                  2.85                  0.75                54797262106044.71
4.0                  3.1                   0.75                -194399199573094.1
4.0                  3.35                  0.75                167256142536158.5
5.0                  2.2                   0.75                -9241479350831.498
5.0                  2.35                  0.75                6882725690738.27
5.0                  2.5                   0.75                22875473887787.39
5.0                  2.65                  0.75                -2828764653546.728
5.0                  2.85                  0.75                -109498039283190.8
5.0                  3.1                   0.75                260457417484636.6
5.0                  3.35                  0.75                -202879311310509.8
6.0                  2.2                   0.75                -14633618021045.86
6.0                  2.35                  0.75                82624184757069.11
6.0                  2.5                   0.75                -122714455031347
6.0                  2.65                  0.75                -6145593087540.097
6.0                  2.85                  0.75                215150502674674.2
6.0                  3.1                   0.75                -384410727382357.5
6.0                  3.35                  0.75                274034442850728.5
1.35                 2.2                   0.58682409          -52609803496.65534
1.35                 2.35                  0.58682409          200916101615.5557
1.35                 2.5                   0.58682409          -327477267759.7859
1.35                 2.65                  0.58682409          274692596849.5021
1.35                 2.85                  0.58682409          -148178923753.5764
1.35                 3.1                   0.58682409          83452708108.71599
1.35                 3.35                  0.58682409          31645656784.26268
1.35                 3.6                   0.58682409          -287810805460.3381
1.35                 3.85                  0.58682409          547094592527.1306
1.35                 4.1                   0.58682409          -545229456945.5374
1.35                 4.35                  0.58682409          266711547165.34
1.35                 4.85                  0.58682409          -53690135875.41321
1.35                 5.85                  0.58682409          14809919736.99799
1.35                 6.85                  0.58682409          -4128060461.162109
1.5                  2.2                   0.58682409          286190382259.998
1.5                  2.35                  0.58682409          -1045935846171.252
1.5                  2.5                   0.58682409          1586149246759.851
1.5                  2.65                  0.58682409          -1227937058680.117
1.5                  2.85                  0.58682409          631505033763.3636
1.5                  3.1                   0.58682409          -390057856928.2278
1.5                  3.35                  0.58682409          -121395923926.1331
1.5                  3.6                   0.58682409          1222421910875.021
1.5                  3.85                  0.58682409          -2172489801435.53
1.5                  4.1                   0.58682409          2139390353502.051
1.5                  4.35                  0.58682409          -1101505444804.173
1.5                  4.85                  0.58682409          221642597389.4062
1.5                  5.85                  0.58682409          -33390007572.6416
1.5                  6.85                  0.58682409          3694512671.084229
1.65                 2.2                   0.58682409          -677588577709.3079
1.65                 2.35                  0.58682409          2247279140926.674
1.65                 2.5                   0.58682409          -2966020601774.421
1.65                 2.65                  0.58682409          1896060544221.933
1.65                 2.85                  0.58682409          -744530501344.9713
1.65                 3.1                   0.58682409          261483759884.8765
1.65                 3.35                  0.58682409          1028154610187.762
1.65                 3.6                   0.58682409          -2932014653362.273
1.65                 3.85                  0.58682409          3549608020752.532
1.65                 4.1                   0.58682409          -2657612845636.726
1.65                 4.35                  0.58682409          1086515301048.285
1.65                 4.85                  0.58682409          26014117942.67188
1.65                 5.85                  0.58682409          -244698553664.3711
1.65                 6.85                  0.58682409          139820501131.9922
1.8                  2.2                   0.58682409          695493405168.0909
1.8                  2.35                  0.58682409          -2023404277416.681
1.8                  2.5                   0.58682409          1987667826650.335
1.8                  2.65                  0.58682409          -399089505519.939
1.8                  2.85                  0.58682409          -589690272189.1674
1.8                  3.1                   0.58682409          1319138883223.862
1.8                  3.35                  0.58682409          -4180285400009.534
1.8                  3.6                   0.58682409          6825260037571.881
1.8                  3.85                  0.58682409          -4838763450695.762
1.8                  4.1                   0.58682409          466904644221.3926
1.8                  4.35                  0.58682409          1561574567015.445
1.8                  4.85                  0.58682409          -1498815269501.688
1.8                  5.85                  0.58682409          1310349806150.625
1.8                  6.85                  0.58682409          -793981665413.7031
2.0                  2.2                   0.58682409          -152105598566.8847
2.0                  2.35                  0.58682409          252109054666.2753
2.0                  2.5                   0.58682409          761554344766.5514
2.0                  2.65                  0.58682409          -2306094461457.561
2.0                  2.85                  0.58682409          2411458804296.284
2.0                  3.1                   0.58682409          -2916498691481.502
2.0                  3.35                  0.58682409          8641434306356.987
2.0                  3.6                   0.58682409          -15075360338256.05
2.0                  3.85                  0.58682409          9885224606450.998
2.0                  4.1                   0.58682409          3364893069377.702
2.0                  4.35                  0.58682409          -7664100456899.543
2.0                  4.85                  0.58682409          3998857859950.102
2.0                  5.85                  0.58682409          -1928086964137.109
2.0                  6.85                  0.58682409          907316382169.0469
2.25                 2.2                   0.58682409          -299646744732.7592
2.25                 2.35                  0.58682409          713451237927.2633
2.25                 2.5                   0.58682409          -1370398995574.423
2.25                 2.65                  0.58682409          2163850800393.248
2.25                 2.85                  0.58682409          -1192427868873.928
2.25                 3.1                   0.58682409          373807438604.2028
2.25                 3.35                  0.58682409          -8230938215115.179
2.25                 3.6                   0.58682409          22716567677830.46
2.25                 3.85                  0.58682409          -17970698297311.37
2.25                 4.1                   0.58682409          -8858176656441.328
2.25                 4.35                  0.58682409          16308162045210.91
2.25                 4.85                  0.58682409          -4007742132208.854
2.25                 5.85                  0.58682409          -1273014099457.242
2.25                 6.85                  0.58682409          1218183237802.648
2.5                  2.2                   0.58682409          -114660546044.2902
2.5                  2.35                  0.58682409          2196513151556.065
2.5                  2.5                   0.58682409          -7116631215709.257
2.5                  2.65                  0.58682409          11177042350300.56
2.5                  2.85                  0.58682409          -13662738533127.57
2.5                  3.1                   0.58682409          14226055226525.23
2.5                  3.35                  0.58682409          -3804284686063.335
2.5                  3.6                   0.58682409          -14434393729529.85
2.5                  3.85                  0.58682409          13953311758047.04
2.5                  4.1                   0.58682409          7790540597853.452
2.5                  4.35                  0.58682409          -12934928429613.03
2.5                  4.85                  0.58682409          395023662692.7401
2.5                  5.85                  0.58682409          3092479093104.284
2.5                  6.85                  0.58682409          -1350614134747.351
2.75                 2.2                   0.58682409          2350607156364.812
2.75                 2.35                  0.58682409          -14517754863526.07
2.75                 2.5                   0.58682409          40221296075326.15
2.75                 2.65                  0.58682409          -59617675267552.41
2.75                 2.85                  0.58682409          63391880763625.62
2.75                 3.1                   0.58682409          -58286142717249.55
2.75                 3.35                  0.58682409          28999362417675.74
3.0                  2.2                   0.58682409          -7497830156366.76
3.0                  2.35                  0.58682409          42936420741679.73
3.0                  2.5                   0.58682409          -110841876362891.1
3.0                  2.65                  0.58682409          153504704671037.7
3.0                  2.85                  0.58682409          -151203495260445.9
3.0                  3.1                   0.58682409          128056685729966.9
3.0                  3.35                  0.58682409          -59137391631851.63
3.25                 2.2                   0.58682409          9939346965606.754
3.25                 2.35                  0.58682409          -61595682464957.52
3.25                 2.5                   0.58682409          160887181901289.2
3.25                 2.65                  0.58682409          -221676656809169.1
3.25                 2.85                  0.58682409          209718093082172.6
3.25                 3.1                   0.58682409          -155987439942106.9
3.25                 3.35                  0.58682409          60788349203900.27
3.5                  2.2                   0.58682409          -977181328413.0098
3.5                  2.35                  0.58682409          22542844206721.41
3.5                  2.5                   0.58682409          -84255529200696.64
3.5                  2.65                  0.58682409          141848738928730.7
3.5                  2.85                  0.58682409          -144671345783652.9
3.5                  3.1                   0.58682409          92189654092136.02
3.5                  3.35                  0.58682409          -26473687470219.96
4.0                  2.2                   0.58682409          -9563519969712.414
4.0                  2.35                  0.58682409          29927512917633.12
4.0                  2.5                   0.58682409          -29559010995164.79
4.0                  2.65                  0.58682409          -9871669556571.482
4.0                  2.85                  0.58682409          38758877972583.14
4.0                  3.1                   0.58682409          -16064666592189.65
4.0                  3.35                  0.58682409          -6424923487108.289
5.0                  2.2                   0.58682409          8682578177030.484
5.0                  2.35                  0.58682409          -37256064188540.66
5.0                  2.5                   0.58682409          95726500459560.08
5.0                  2.65                  0.58682409          -133996856335626.5
5.0                  2.85                  0.58682409          113049802312584.2
5.0                  3.1                   0.58682409          -99268864201393.61
5.0                  3.35                  0.58682409          66534240039666.85
6.0                  2.2                   0.58682409          3993845722108.063
6.0                  2.35                  0.58682409          4183874124025.487
6.0                  2.5                   0.58682409          -122251578672148.7
6.0                  2.65                  0.58682409          283838729639258.1
6.0                  2.85                  0.58682409          -298775633069599.6
6.0                  3.1                   0.58682409          233879969400935.1
6.0                  3.35                  0.58682409          -123916925391030.2
1.35                 2.2                   0.41317591          30314570629.11138
1.35                 2.35                  0.41317591          -119295179405.7641
1.35                 2.5                   0.41317591          197536354233.7276
1.35                 2.65                  0.41317591          -158362577626.4174
1.35                 2.85                  0.41317591          65626234117.36263
1.35                 3.1                   0.41317591          3826918165.30455
1.35                 3.35                  0.41317591          -153652751125.8799
1.35                 3.6                   0.41317591          525239070104.2095
1.35                 3.85                  0.41317591          -1071568710132.397
1.35                 4.1                   0.41317591          1286898331748.261
1.35                 4.35                  0.41317591          -753368513583.3779
1.35                 4.85                  0.41317591          181952807564.5647
1.35                 5.85                  0.41317591          -46869742951.09985
1.35                 6.85                  0.41317591          8995354806.075897
1.5                  2.2                   0.41317591          -174604349566.2355
1.5                  2.35                  0.41317591          649256151964.894
1.5                  2.5                   0.41317591          -969789661316.2656
1.5                  2.65                  0.41317591          681422015716.0975
1.5                  2.85                  0.41317591          -238081483875.9602
1.5                  3.1                   0.41317591          -32095856007.9952
1.5                  3.35                  0.41317591          706129754268.1013
1.5                  3.6                   0.41317591          -2281018983798.294
1.5                  3.85                  0.41317591          4300725275106.133
1.5                  4.1                   0.41317591          -4924486653698.362
1.5                  4.35                  0.41317591          2814539705574.197
1.5                  4.85                  0.41317591          -647318785738.978
1.5                  5.85                  0.41317591          161652654695.3506
1.5                  6.85                  0.41317591          -40302405092.4314
1.65                 2.2                   0.41317591          443577990001.1881
1.65                 2.35                  0.41317591          -1481897273386.696
1.65                 2.5                   0.41317591          1824751597413.643
1.65                 2.65                  0.41317591          -823885770071.7155
1.65                 2.85                  0.41317591          -109619777288.6033
1.65                 3.1                   0.41317591          720692615453.7644
1.65                 3.35                  0.41317591          -2561876853020.526
1.65                 3.6                   0.41317591          5337952351428.719
1.65                 3.85                  0.41317591          -7131527825300.779
1.65                 4.1                   0.41317591          6586693153110.304
1.65                 4.35                  0.41317591          -3342906118595.006
1.65                 4.85                  0.41317591          586778173577.8672
1.65                 5.85                  0.41317591          -56997769451.95312
1.65                 6.85                  0.41317591          15253974475.01953
1.8                  2.2                   0.41317591          -536817043926.046
1.8                  2.35                  0.41317591          1613328453472.174
1.8                  2.5                   0.41317591          -1380551948073.51
1.8                  2.65                  0.41317591          -450120364499.0804
1.8                  2.85                  0.41317591          1560769445574.167
1.8                  3.1                   0.41317591          -2748396857218.895
1.8                  3.35                  0.41317591          7152831790964.069
1.8                  3.6                   0.41317591          -11145161661117.42
1.8                  3.85                  0.41317591          8596541422809.369
1.8                  4.1                   0.41317591          -2693037632789.879
1.8                  4.35                  0.41317591          -396397601241.0859
1.8                  4.85                  0.41317591          709631181717.7734
1.8                  5.85                  0.41317591          -462027529122.6719
1.8                  6.85                  0.41317591          259711943933.0938
2.0                  2.2                   0.41317591          319886802447.3705
2.0                  2.35                  0.41317591          -1058053945486.439
2.0                  2.5                   0.41317591          495555087709.2324
2.0                  2.65                  0.41317591          1723923246700.757
2.0                  2.85                  0.41317591          -2751126771396.97
2.0                  3.1                   0.41317591          4206700874179.441
2.0                  3.35                  0.41317591          -12685535042893.48
2.0                  3.6                   0.41317591          21699247868439.83
2.0                  3.85                  0.41317591          -13309754408688.94
2.0                  4.1                   0.41317591          -5504051325422.426
2.0                  4.35                  0.41317591          9457180240209.793
2.0                  4.85                  0.41317591          -3231561023635.625
2.0                  5.85                  0.41317591          851758207211.75
2.0                  6.85                  0.41317591          -348767993977.8086
2.25                 2.2                   0.41317591          -239948856960.2482
2.25                 2.35                  0.41317591          1483561517720.125
2.25                 2.5                   0.41317591          -2428924624925.948
2.25                 2.65                  0.41317591          917745267299.5765
2.25                 2.85                  0.41317591          332288542893.8776
2.25                 3.1                   0.41317591          -1030037301586.244
2.25                 3.35                  0.41317591          11093379021716.85
2.25                 3.6                   0.41317591          -29400518172782.14
2.25                 3.85                  0.41317591          20501543908836
2.25                 4.1                   0.41317591          18323522773558.84
2.25                 4.35                  0.41317591          -24411370687759.07
2.25                 4.85                  0.41317591          4250428333811.362
2.25                 5.85                  0.41317591          414112527444.333
2.25                 6.85                  0.41317591          226820172435.5056
2.5                  2.2                   0.41317591          849161363974.5648
2.5                  2.35                  0.41317591          -5588302059806.737
2.5                  2.5                   0.41317591          13716150060875.45
2.5                  2.65                  0.41317591          -16472078626731.11
2.5                  2.85                  0.41317591          13480047939847.37
2.5                  3.1                   0.41317591          -10619000885659.76
2.5                  3.35                  0.41317591          1259478548615.425
2.5                  3.6                   0.41317591          17254467872463.24
2.5                  3.85                  0.41317591          -15205377921885.13
2.5                  4.1                   0.41317591          -16858841627838.2
2.5                  4.35                  0.41317591          21318945972006.64
2.5                  4.85                  0.41317591          -815094327941.095
2.5                  5.85                  0.41317591          -1518100952289.731
2.5                  6.85                  0.41317591          -944421809101.1404
2.75                 2.2                   0.41317591          -3863872137506.954
2.75                 2.35                  0.41317591          22588878375784.41
2.75                 2.5                   0.41317591          -55711277381727.01
2.75                 2.65                  0.41317591          68410789868593.34
2.75                 2.85                  0.41317591          -54367000902171.73
2.75                 3.1                   0.41317591          39139901935640.09
2.75                 3.35                  0.41317591          -17685779379782.15
3.0                  2.2                   0.41317591          12996698120866
3.0                  2.35                  0.41317591          -69239096957575.61
3.0                  2.5                   0.41317591          157562134921832.8
3.0                  2.65                  0.41317591          -181930750135613.9
3.0                  2.85                  0.41317591          136285843402314.3
3.0                  3.1                   0.41317591          -88785584395423.03
3.0                  3.35                  0.41317591          34804406428070.3
3.25                 2.2                   0.41317591          -22398042952218.18
3.25                 2.35                  0.41317591          115660400902257.4
3.25                 2.5                   0.41317591          -253422882512886.8
3.25                 2.65                  0.41317591          292295646157892.1
3.25                 2.85                  0.41317591          -230249239545776.2
3.25                 3.1                   0.41317591          156077910765844.8
3.25                 3.35                  0.41317591          -60774229527053.9
3.5                  2.2                   0.41317591          13883995480320.56
3.5                  2.35                  0.41317591          -73132089879508.52
3.5                  2.5                   0.41317591          165055478244254.6
3.5                  2.65                  0.41317591          -211765953121747.7
3.5                  2.85                  0.41317591          200962393751350
3.5                  3.1                   0.41317591          -161934125042153.7
3.5                  3.35                  0.41317591          74840393272622.09
4.0                  2.2                   0.41317591          1841341793601.803
4.0                  2.35                  0.41317591          -7223532450069.731
4.0                  2.5                   0.41317591          7070891649828.395
4.0                  2.65                  0.41317591          26791810495060.59
4.0                  2.85                  0.41317591          -76927608430300.45
4.0                  3.1                   0.41317591          88973899802431.84
4.0                  3.35                  0.41317591          -46311234911146.3
5.0                  2.2                   0.41317591          -7358888090003.234
5.0                  2.35                  0.41317591          50015292614374.16
5.0                  2.5                   0.41317591          -148267091963641.9
5.0                  2.65                  0.41317591          186422193717209.5
5.0                  2.85                  0.41317591          -100483285399963.3
5.0                  3.1                   0.41317591          24391169137213.53
5.0                  3.35                  0.41317591          -11095685653543.25
6.0                  2.2                   0.41317591          5244523447365.818
6.0                  2.35                  0.41317591          -59775392601112.02
6.0                  2.5                   0.41317591          238160267885126.5
6.0                  2.65                  0.41317591          -371422809864660.4
6.0                  2.85                  0.41317591          279774540232977.3
6.0                  3.1                   0.41317591          -129267746106498.7
6.0                  3.35                  0.41317591          45671295089443.82
1.35                 2.2                   0.25                -7976939400.566559
1.35                 2.35                  0.25                32136929665.2681
1.35                 2.5                   0.25                -52688918668.49712
1.35                 2.65                  0.25                35672542416.32325
1.35                 2.85                  0.25                9823115.813047694
1.35                 3.1                   0.25                -32974305663.58474
1.35                 3.35                  0.25                104263959933.3175
1.35                 3.6                   0.25                -285724098268.1221
1.35                 3.85                  0.25                571854645220.8142
1.35                 4.1                   0.25                -695644674652.8407
1.35                 4.35                  0.25                412283798096.7196
1.35                 4.85                  0.25                -101051717488.2069
1.35                 5.85                  0.25                26803132734.47705
1.35                 6.85                  0.25                -5805481324.323227
1.5                  2.2                   0.25                48927867377.61115
1.5                  2.35                  0.25                -183800323533.2747
1.5                  2.5                   0.25                257713722113.248
1.5                  2.65                  0.25                -126317539503.0742
1.5                  2.85                  0.25                -50130684059.91687
1.5                  3.1                   0.25                178311555758.5972
1.5                  3.35                  0.25                -494325576029.993
1.5                  3.6                   0.25                1253888606431.941
1.5                  3.85                  0.25                -2303794374988.417
1.5                  4.1                   0.25                2660272592095.93
1.5                  4.35                  0.25                -1533946910101.71
1.5                  4.85                  0.25                361194702982.5962
1.5                  5.85                  0.25                -97764422411.146
1.5                  6.85                  0.25                27738617173.0791
1.65                 2.2                   0.25                -135555345975.261
1.65                 2.35                  0.25                452389857160.4962
1.65                 2.5                   0.25                -472319553993.6606
1.65                 2.65                  0.25                -22197009799.43947
1.65                 2.85                  0.25                428993007460.2854
1.65                 3.1                   0.25                -710449002406.5356
1.65                 3.35                  0.25                1581016027313.134
1.65                 3.6                   0.25                -2909660019094.34
1.65                 3.85                  0.25                3833728441804.47
1.65                 4.1                   0.25                -3592320544900.736
1.65                 4.35                  0.25                1874892894986.929
1.65                 4.85                  0.25                -388825345045.5742
1.65                 5.85                  0.25                91333629788.04492
1.65                 6.85                  0.25                -38560309452.31982
1.8                  2.2                   0.25                198630321718.0901
1.8                  2.35                  0.25                -605597870661.3627
1.8                  2.5                   0.25                391759392243.2587
1.8                  2.65                  0.25                594293384928.2036
1.8                  2.85                  0.25                -1175628358923.416
1.8                  3.1                   0.25                1749615354317.604
1.8                  3.35                  0.25                -3932588480638.138
1.8                  3.6                   0.25                5898086533672.911
1.8                  3.85                  0.25                -4560366076139.509
1.8                  4.1                   0.25                1558242571872.873
1.8                  4.35                  0.25                -5156617381.714844
1.8                  4.85                  0.25                -159135911767.25
1.8                  5.85                  0.25                52716972752.60547
1.8                  6.85                  0.25                -28918121854.59961
2.0                  2.2                   0.25                -197156842768.2396
2.0                  2.35                  0.25                688326557893.5311
2.0                  2.5                   0.25                -456880513067.037
2.0                  2.65                  0.25                -835890984054.347
2.0                  2.85                  0.25                1550395047587.787
2.0                  3.1                   0.25                -2349103209641.531
2.0                  3.35                  0.25                6643457271867.084
2.0                  3.6                   0.25                -11186681738936.05
2.0                  3.85                  0.25                6803945407092.148
2.0                  4.1                   0.25                2833905664456.155
2.0                  4.35                  0.25                -4674352211756.564
2.0                  4.85                  0.25                1413669219213.473
2.0                  5.85                  0.25                -311001978549.3398
2.0                  6.85                  0.25                147657961867.0605
2.25                 2.2                   0.25                271608780005.5567
2.25                 2.35                  0.25                -1237472847819.18
2.25                 2.5                   0.25                1881176234042.927
2.25                 2.65                  0.25                -867795909727.9719
2.25                 2.85                  0.25                -188024111393.1676
2.25                 3.1                   0.25                807797678203.4397
2.25                 3.35                  0.25                -5807129753277.667
2.25                 3.6                   0.25                14858786287696.7
2.25                 3.85                  0.25                -10210842744531.41
2.25                 4.1                   0.25                -9755752597791.68
2.25                 4.35                  0.25                12684254929910.12
2.25                 4.85                  0.25                -2252524429531.041
2.25                 5.85                  0.25                376549444966.0415
2.25                 6.85                  0.25                -678782281016.0558
2.5                  2.2                   0.25                -583340503463.1307
2.5                  2.35                  0.25                3295440286703.083
2.5                  2.5                   0.25                -7507142478090.427
2.5                  2.65                  0.25                8445971432802.623
2.5                  2.85                  0.25                -6124089355255.35
2.5                  3.1                   0.25                4158809104875.749
2.5                  3.35                  0.25                47395429010.48811
2.5                  3.6                   0.25                -8569703985865.056
2.5                  3.85                  0.25                7516611201944.66
2.5                  4.1                   0.25                9014453982603.84
2.5                  4.35                  0.25                -11331827310160.56
2.5                  4.85                  0.25                679297278450.7517
2.5                  5.85                  0.25                60811602156.72156
2.5                  6.85                  0.25                1121287966432.533
2.75                 2.2                   0.25                2035814783828.713
2.75                 2.35                  0.25                -11732524211600.85
2.75                 2.5                   0.25                28241421711841.04
2.75                 2.65                  0.25                -33183537751915.34
2.75                 2.85                  0.25                24126120717338.44
2.75                 3.1                   0.25                -15682011333804.08
2.75                 3.35                  0.25                6751045686938.137
3.0                  2.2                   0.25                -6851897175683.5
3.0                  2.35                  0.25                36120452486285.05
3.0                  2.5                   0.25                -80241312908620.8
3.0                  2.65                  0.25                88749171537490.5
3.0                  2.85                  0.25                -61229847511202.94
3.0                  3.1                   0.25                36202053092558.47
3.0                  3.35                  0.25                -13295127433995.6
3.25                 2.2                   0.25                12436260257500.07
3.25                 2.35                  0.25                -62453301340026.09
3.25                 2.5                   0.25                132279805527287.1
3.25                 2.65                  0.25                -145908344139976.2
3.25                 2.85                  0.25                108233117260355.3
3.25                 3.1                   0.25                -70663966031871.03
3.25                 3.35                  0.25                27418692142600.68
3.5                  2.2                   0.25                -8790642241483.315
3.5                  2.35                  0.25                43062465553366.98
3.5                  2.5                   0.25                -90704942853499.7
3.5                  2.65                  0.25                108814552881446.6
3.5                  2.85                  0.25                -98836069467505.14
3.5                  3.1                   0.25                81213651858690.8
3.5                  3.35                  0.25                -39275044955224.55
4.0                  2.2                   0.25                770667921133.3744
4.0                  2.35                  0.25                -2000098700372.355
4.0                  2.5                   0.25                3274339728395.479
4.0                  2.65                  0.25                -16828889856514.36
4.0                  2.85                  0.25                40318214839641.7
4.0                  3.1                   0.25                -49021922458276.9
4.0                  3.35                  0.25                27167578256914.8
5.0                  2.2                   0.25                2742859356661.146
5.0                  2.35                  0.25                -21719352563561.19
5.0                  2.5                   0.25                66637393713235.23
5.0                  2.65                  0.25                -81315363098858.94
5.0                  2.85                  0.25                37404405860103.91
5.0                  3.1                   0.25                -902044536910.0802
5.0                  3.35                  0.25                -355527859063.2392
6.0                  2.2                   0.25                -3372814512784.159
6.0                  2.35                  0.25                31126028713408.41
6.0                  2.5                   0.25                -109514259690364.8
6.0                  2.65                  0.25                158135018578786.2
6.0                  2.85                  0.25                -108704891613649.7
6.0                  3.1                   0.25                42320296644470.91
6.0                  3.35                  0.25                -13422759149157.41
4.369                2.584                 0.96981646          101430531996079
4.369                2.584                 0.99238872          -326790538616101
4.369                2.584                 0.9999999899999999  225877491819537.3
4.369                2.684                 0.96981646          -242800321323902.9
4.369                2.684                 0.99238872          792601009427518.6
4.369                2.684                 0.9999999899999999  -550970830764485.6
4.369                2.784                 0.96981646          149263265844044.3
4.369                2.784                 0.99238872          -494574917310713.9
4.369                2.784                 0.9999999899999999  345981988297228.8
4.469                2.584                 0.96981646          -256241577614737.2
4.469                2.584                 0.99238872          829140072278390.8
4.469                2.584                 0.9999999899999999  -574177528521221.2
4.469                2.684                 0.96981646          553657992888829.4
4.469                2.684                 0.99238872          -1772614979566383
4.469                2.684                 0.9999999899999999  1221853663534118
4.469                2.784                 0.96981646          -308552103434606.6
4.469                2.784                 0.99238872          980695832664743.5
4.469                2.784                 0.9999999899999999  -673809253909547
4.569                2.584                 0.96981646          162865375176750.8
4.569                2.584                 0.99238872          -530698355910966.1
4.569                2.584                 0.9999999899999999  368618278954474.5
4.569                2.684                 0.96981646          -324238768315837.1
4.569                2.684                 0.99238872          1025131503115705
4.569                2.684                 0.9999999899999999  -702672154434622.2
4.569                2.784                 0.96981646          164221277784023.2
4.569                2.784                 0.99238872          -501315886027908.1
4.569                2.784                 0.9999999899999999  338118793290529.9
2.493                2.771                 0.78964059          30898647469079.16
2.493                2.771                 0.85601302          -66637610843496.03
2.493                2.771                 0.91156818          35791220316520.74
2.493                2.871                 0.78964059          -74184870259699.64
2.493                2.871                 0.85601302          160186918117288.5
2.493                2.871                 0.91156818          -86117602123316.02
2.493                2.971                 0.78964059          44739627068780.4
2.493                2.971                 0.85601302          -96679398517191.83
2.493                2.971                 0.91156818          52005372453284.39
2.593                2.771                 0.78964059          -60315170075073.81
2.593                2.771                 0.85601302          129928566576669.4
2.593                2.771                 0.91156818          -69722691913374.2
2.593                2.871                 0.78964059          144359261121873.3
2.593                2.871                 0.85601302          -311194269610522.1
2.593                2.871                 0.91156818          167086109234861
2.593                2.971                 0.78964059          -86936418530190.59
2.593                2.971                 0.85601302          187561711307933.8
2.593                2.971                 0.91156818          -100769231925143.4
2.693                2.771                 0.78964059          28736029651098.9
2.693                2.771                 0.85601302          -61792795777504.94
2.693                2.771                 0.91156818          33114088188433.97
2.693                2.871                 0.78964059          -68437735879849.92
2.693                2.871                 0.85601302          147140928358626.7
2.693                2.871                 0.91156818          -78842175056850.45
2.693                2.971                 0.78964059          41093874577429.59
2.693                2.971                 0.85601302          -88457217540699.14
2.693                2.971                 0.91156818          47442444688919.08
1.739                4.751                 0.21895831          18494480720370.5
1.739                4.751                 0.29503848          -35766062712334
1.739                4.751                 0.37734631          17259757479457
1.739                4.851                 0.21895831          -37455977557880
1.739                4.851                 0.29503848          72476861759284
1.739                4.851                 0.37734631          -34995868607951
1.739                4.951                 0.21895831          18943527130447
1.739                4.951                 0.29503848          -36682145629326
1.739                4.951                 0.37734631          17725468854635
1.839                4.751                 0.21895831          -44095296001046
1.839                4.751                 0.29503848          85409033100108
1.839                4.751                 0.37734631          -41280255458022
1.839                4.851                 0.21895831          84544166950460
1.839                4.851                 0.29503848          -164548224407368
1.839                4.851                 0.37734631          79912509870388
1.839                4.951                 0.21895831          -39876213126728
1.839                4.951                 0.29503848          78122406976276
1.839                4.951                 0.37734631          -38185127967802
1.939                4.751                 0.21895831          26897867090768
1.939                4.751                 0.29503848          -52187880034600
1.939                4.751                 0.37734631          25265871321295
1.939                4.851                 0.21895831          -48207673797510
1.939                4.851                 0.29503848          94525324481944
1.939                4.851                 0.37734631          -46238872178816
1.939                4.951                 0.21895831          20584227074990
1.939                4.951                 0.29503848          -41057670841148
1.939                4.951                 0.37734631          20414797991306     
